0.5889792836  
0.3408838114  
0.193447041  
0.3378014219  
0.5097943466  
0.5497261798  
0.5605884461  
0.3583727175  
-0.02279916827  
-0.3879391053  
-0.01463413493  
-0.07536960937  
-0.2464623944  
-0.3670960237  
0.09658622271  
0.6698801816  
0.3828995303  
-0.2063814329  
-0.2324661716  
-0.476714887  
-0.7413355435  
0.6536973502  
1.046732712  
0.5372792441  
-0.7496113483  
0.4347424549  
0.1596589148  
-0.7126369618  
-0.4523620401  
0.1146250244  
-0.09222072515  
0.130279724  
-0.1774066947  
-0.1112736316  
0.5106877461  
0.8809757559  
-0.05917748083  
-0.7509659828  
-0.9087715691  
-0.6108935646  
0.3501716911  
0.308457853  
0.6965962441  
0.3310151181  
-0.493738536  
-0.7382569066  
-0.4477956322  
-0.1987941138  
0.2579908357  
0.3817004481  
0.678519309  
0.1276629357  
-0.1145141801  
-0.2796809445  
-0.7518195801  
-0.05158324383  
0.6757058456  
0.1669511023  
0.1441751976  
-0.1141010801  
-0.5435436791  
-0.0116644786  
0.7620831182  
0.1947675139  
-0.471076311  
-0.2982593496  
-0.4332812254  
-0.4429544978  
-0.3927684976  
-0.0950428022  
0.04679664264  
0.2099027661  
