0.5105802785  
0.02193000647  
0.3116229848  
0.428060456  
0.6262833668  
0.8802674868  
0.9091173337  
0.5551159295  
0.7890301348  
0.2254786069  
0.5106611789  
0.1027474348  
0.05406362798  
-0.0657862137  
-0.03923323193  
0.143843152  
0.3859357355  
0.09833938396  
0.3852845434  
0.8628774622  
1.217048705  
0.2838375253  
-0.5853730473  
-0.1864929383  
1.30263208  
-0.04011100015  
0.1388256264  
0.5507832279  
1.170105334  
0.3460191058  
0.1257122541  
0.5527102405  
0.8268716519  
0.04557031735  
-0.07959741965  
0.1955946418  
0.3116120977  
0.4134326381  
0.7011491417  
0.367988976  
1.12452783  
0.4967087631  
-0.3561757436  
-0.256523607  
0.2285452493  
0.3983634123  
0.2444334901  
0.1934758522  
0.3593226367  
0.5607165053  
-0.1213311517  
-0.7394587506  
0.6992148444  
0.3689506781  
0.3675113922  
0.8393765262  
0.6674509901  
0.2225870686  
0.2673387936  
0.1507244091  
-0.003061913439  
-0.9583675199  
-0.3072463731  
-0.002733314021  
0.8614595451  
0.9323258545  
0.2427016395  
-0.2354653751  
-0.1273896713  
-0.3250065826  
0.05798352422  
0.8226121922  
