0.3064297334  
-0.05927337542  
-0.7709051043  
-0.2830113227  
0.3607337826  
0.7607174527  
0.3235766027  
-0.1274385793  
0.5067045681  
0.54023841  
0.2786258645  
0.5156863322  
-0.003776490296  
0.06829664751  
-0.1262054787  
0.2912194562  
-0.06630544355  
-0.1487737081  
-0.6162651543  
-0.8888620034  
-0.101651569  
0.001510782559  
-0.1964311959  
0.2036863105  
0.1573105135  
-0.04578571551  
0.5503921513  
0.9986899273  
0.894104909  
-0.06313894469  
-0.5487779169  
-0.347350881  
0.2199659546  
0.07664882674  
-0.1657439113  
0.4290876085  
0.7928187542  
0.6019694305  
0.4242425051  
0.7650902479  
-0.7392024786  
0.4933417091  
0.5291199006  
-1.079663085  
-1.097167435  
-0.1974367505  
0.5014325866  
0.5324953703  
0.01865075494  
-0.5688652943  
-1.029851904  
0.08708797003  
0.9450708147  
0.3419475929  
-0.3854346906  
-0.2079838826  
-0.02101194819  
-0.3215252596  
-0.1038191955  
0.3320838948  
-0.2646138889  
-0.09618245751  
0.2011891198  
0.1013236754  
-0.3791189812  
-0.01451132184  
0.9508281242  
0.3939096807  
-0.3342416933  
0.4146625079  
0.6837553307  
0.921506297  
