0.2316957591  
-0.1949649871  
-0.2607479059  
0.112873504  
0.5559914881  
0.5727005536  
0.02562058256  
0.01107195233  
-0.1608088615  
-0.08436832597  
0.07756756527  
0.2950734896  
-0.08323226222  
-0.08715795936  
-0.007102879352  
0.1918350463  
0.2681041144  
-0.174699001  
-0.8105761236  
-0.6015124446  
0.1376917486  
-0.0006758479009  
-1.035451104  
-0.3213923873  
-0.8334974739  
-0.6052687148  
0.5127346525  
0.857009815  
0.638943404  
0.3039027881  
0.3659874855  
-0.2662069124  
-0.2519850325  
0.3517113346  
0.1233106537  
-0.4907606709  
-0.3302793543  
-0.1816788456  
0.01890267199  
0.1248089836  
0.9462375813  
1.374577072  
0.5959191311  
-0.4372296746  
-0.3685810044  
-0.06983466971  
-0.5532879711  
-0.9644905497  
0.006850588675  
-0.2169838645  
-0.1716275929  
-0.3394734085  
0.03154627067  
-0.7845264035  
-1.032848685  
-0.7625556947  
0.1232516782  
0.1880893048  
0.3954372681  
0.383176715  
0.5806298005  
-0.4720671756  
-0.4919312333  
-0.1888720787  
-0.2695423356  
-0.2702378449  
-0.3387166816  
-0.5208949945  
-0.7148378015  
0.6764201515  
1.09099775  
0.8699730621  
