0.7228022078  
0.516171805  
-0.2585806005  
-0.06080850764  
-0.006963950533  
-0.4822864101  
-0.2850154089  
-0.0247131805  
1.052372053  
0.4890309148  
0.3727150638  
-0.1109010598  
0.01156181937  
0.176464771  
-0.3326917675  
-1.128695783  
0.3677100979  
-0.2107446719  
0.4730424952  
0.7603708186  
0.5341580811  
0.4329111534  
0.3055345785  
-0.3870435745  
0.7602063593  
0.01858848835  
-0.607337491  
-0.4656273134  
0.0313799552  
0.07412238149  
-0.05776709289  
-0.2082183877  
0.114716518  
-0.6980502022  
0.1566890634  
1.295923733  
0.4282962337  
0.0273760532  
-0.0641596255  
-0.3166035743  
-0.2375156905  
-0.3050418906  
-0.01721921063  
-0.02447433288  
0.3642885231  
0.548010256  
0.5704695475  
0.02467612651  
0.4624039442  
-0.2896756547  
0.001263591774  
0.5195562815  
0.2183942178  
0.1471187721  
-0.1540260055  
0.2449066514  
-0.01973224049  
-0.07102068131  
-0.1907738755  
-0.2618746103  
-0.1796169662  
0.2170292358  
0.3718238568  
-0.1846282257  
0.9996780437  
0.2295460526  
-0.5531320801  
0.159760191  
0.009433794058  
-0.1962791506  
-0.05431272393  
-0.1458675839  
