-0.3917443941  
0.6071352841  
0.3862697843  
-0.3468854827  
-0.6983828627  
0.5470881227  
-0.008688031451  
0.09324618547  
0.20490884  
-0.0750909334  
0.3485449778  
0.03088262207  
-0.7003028577  
-0.1670758309  
-0.3391881001  
-0.1311380671  
-1.066909618  
-1.42173219  
-0.3145941284  
-0.1929922908  
-0.5874101451  
0.3486580491  
0.5615932843  
0.6311382785  
0.05530295415  
1.057844893  
0.06263495099  
-0.939674613  
-0.3321469693  
-0.2245647578  
-0.5065334327  
0.1994543362  
-0.7348810415  
-0.2619790351  
-0.2318485572  
-0.4678557494  
-1.352618748  
-1.303702566  
0.09755676318  
-0.3320633899  
0.5581001301  
1.203165285  
1.399284275  
-0.4631109791  
-1.21852982  
-0.6074196559  
-0.1042612246  
0.4265768568  
-0.4850936697  
-0.7828812184  
-0.07063084115  
0.4954485995  
0.2949674412  
0.4889823691  
0.1896292771  
0.01328074991  
-0.1267154029  
-0.6986032391  
-0.2660169388  
0.3352571029  
0.1860177542  
-0.4055939607  
0.6062647973  
0.692701106  
-0.8587097491  
-0.1840463031  
0.6404343451  
0.1653216626  
-1.147080413  
-0.2211408346  
0.01925557969  
0.05319988365  
