0.0767917125  
-0.3212773717  
-0.3893190075  
-0.1813557034  
0.01595534237  
-0.1971907635  
-0.5017886413  
0.8721948749  
0.04970656963  
0.2536752666  
0.6453042862  
0.5242402749  
0.2070013115  
-0.3807244413  
-0.6310166325  
-0.6406162077  
-0.2321804531  
0.004489234207  
-0.6900544091  
-0.6504755487  
-0.3668110135  
0.03605599466  
0.371184467  
0.6658657444  
0.1810992848  
0.6745828751  
0.5534753878  
0.2763448183  
-0.1936732366  
0.4750046334  
-0.02390408415  
-0.7434496646  
-0.1133910983  
-0.4772194762  
0.1015572034  
-0.3063117321  
-0.8872469981  
-0.7108375689  
0.8086457225  
0.6044784442  
-0.3503483973  
-0.9064817156  
-0.2681467184  
0.1484765678  
-0.5124774405  
0.2746031841  
0.4422490472  
0.3669208873  
-0.1783370262  
0.2400218849  
1.074987902  
1.433863094  
0.1283111685  
-0.4627505751  
0.2927674884  
0.1411108539  
-0.5416314511  
-0.4662250735  
-0.02646889211  
-0.2986207736  
-0.7655509219  
0.170714301  
0.05331310767  
-0.4318123562  
0.2777070054  
0.2103079049  
0.7131229916  
0.9702828877  
-0.1901729793  
-0.126950753  
-0.2738239633  
0.09718235973  
