0.5515034011  
0.7394969156  
0.06713152638  
-0.1090198142  
-0.1153906141  
0.5697042273  
0.4194386782  
0.818109159  
-0.1035699639  
0.4918845665  
0.1912948679  
0.5564455233  
0.842590201  
0.3558358476  
-0.7768615629  
-0.3257890477  
-0.2433712645  
-0.0641995689  
0.147619042  
-0.5596249118  
0.3433338498  
0.4050087622  
-0.2019600718  
-0.009006682587  
0.09655143007  
-1.530586418  
-1.246739953  
-0.3888125973  
0.0496723597  
-0.04692825842  
-0.1949270118  
0.1537802725  
0.5547778003  
0.2098721005  
0.1704996064  
0.58845952  
0.3028039142  
0.07422991862  
-0.3021366617  
-0.325839895  
-0.5943585791  
0.8776448665  
0.1101592279  
-1.769175984  
-0.08383855988  
-0.1107062574  
0.06948451703  
0.3498076359  
1.041093718  
-0.2952203843  
-0.2888986441  
-0.3102984851  
1.182207625  
0.9694749701  
0.07578761876  
-0.1024213955  
0.7020152588  
0.4764444576  
-0.5351934017  
-0.3608686518  
0.06050862982  
0.01909377387  
0.3648557686  
0.1942271594  
0.6651282519  
0.01064780903  
-0.5523219901  
-1.252104509  
-0.9291863612  
1.032405586  
1.027734179  
0.8837054313  
