-0.800114897  
-0.07411918009  
-0.05873373077  
-0.6525463721  
-0.6616394736  
-0.6615651707  
-0.8410077215  
-0.1355439726  
1.181698437  
1.103242346  
1.013678467  
0.8779003197  
1.36208631  
0.1454328463  
-1.384604805  
-0.843592092  
-1.576616049  
0.1550719719  
0.4191218332  
-0.1356175536  
-0.7508766202  
-0.8592242657  
-0.2929028742  
0.208541807  
0.5314683612  
-0.04588038357  
-0.1292498694  
0.8395854113  
0.8508063327  
0.9986337686  
0.3284884903  
0.08157032728  
-0.8387123605  
-0.3824720535  
-0.1722732342  
-0.2561303871  
-0.9602847109  
-0.08175626397  
0.4337577243  
0.2864372136  
-0.1907967269  
-0.7877931454  
0.3079970191  
0.9766586392  
0.883280062  
0.8602913469  
0.3175886475  
-0.5150069085  
-0.8081718448  
0.1382457453  
0.3407503461  
0.5407220266  
0.0680808821  
0.09875076578  
0.2274712352  
-0.1431700007  
-0.655404334  
-0.3453569048  
0.9280890901  
0.2873068499  
0.2500649128  
-0.04617910362  
-0.5463192504  
-0.8749328522  
0.9474549629  
0.4045089214  
0.5270563458  
-0.3162309581  
-0.3113554861  
-0.5976645752  
0.1378605213  
0.7127232485  
