0.1186520402  
0.4333131198  
0.454664976  
0.5859460352  
0.5102138386  
0.06346962875  
-0.9001351762  
-0.371583986  
-0.6904188429  
-0.405983721  
0.1488164003  
0.2166760838  
0.1843351526  
0.07413125822  
0.2338924285  
0.1805619419  
0.2108930055  
-0.2605018037  
0.0414326589  
0.1657194089  
0.1089929665  
-0.625940279  
-0.7131181602  
-0.408150769  
-0.8722181893  
-1.465514184  
0.3778392916  
1.874161323  
0.7184337905  
0.3071079566  
1.102362561  
0.08370425003  
0.409639444  
-0.6115540411  
-1.093836469  
-0.8641133075  
-0.5025257789  
-0.2656037091  
0.2544824842  
-0.5165243679  
0.8340455701  
0.4437009198  
-0.6055996528  
-0.06780132257  
0.4340251159  
-0.2770513857  
-0.4642532035  
-1.050025437  
0.3118115836  
-0.1803163247  
-0.8739292716  
0.03259618914  
0.3164044887  
-0.4464648557  
-0.4903139558  
-0.4498749415  
-0.486325196  
0.3178173446  
-0.1819455482  
0.4040413362  
-0.03316108824  
-0.2977941933  
-1.209158208  
-0.6850467021  
-0.2033991437  
-0.313880221  
-0.5023813379  
-0.1772586293  
-1.183320822  
0.350090797  
0.3736690542  
0.8389321621  
