0.8318390619  
-0.2165153721  
-0.8397117383  
-0.5837452069  
0.08509761683  
-0.2486305187  
-0.07088740072  
-0.5382059158  
-1.12533219  
-1.200544801  
-0.1482778483  
-0.04756958748  
0.282564667  
0.5052691  
0.4985995026  
-0.2018793643  
-0.3419660243  
-0.03318728585  
-0.8516221695  
-0.3399182233  
0.6759253113  
0.6562217905  
-0.08394200394  
-0.185609005  
-0.4974873674  
-0.1933918037  
0.1855240303  
0.00249770644  
0.1823003557  
-0.06358350848  
-1.438646277  
-1.622423203  
-0.05630441971  
-0.01432623832  
0.05543387093  
0.5283878936  
1.244924458  
0.5957144048  
0.08937859104  
-0.1719634386  
-0.4905472853  
-0.09701845089  
0.1922563971  
-0.1744326833  
-0.7602198496  
-0.730368502  
-0.0457608041  
-0.5102049046  
-0.364031156  
-0.3300533745  
-0.2733236278  
0.5690564811  
1.382792233  
0.03835713079  
0.01547286738  
-0.2876603254  
0.4827908881  
-0.01762431468  
-0.015868354  
0.5641013315  
0.3884379261  
-0.1694759649  
-1.112638729  
-0.433840394  
-1.064531772  
-0.1567885793  
0.08152965613  
0.2782820253  
0.003146382453  
0.4225787471  
0.1275661486  
-0.3887154629  
