-0.03043372449  
-0.2781186262  
-0.08822205397  
0.2579249953  
-0.01672208138  
-0.2140411374  
-0.1392118578  
-0.1758168082  
-0.05642870421  
0.02971609437  
-0.4588412221  
-0.4689237865  
0.0524923496  
0.2763033148  
-0.04264748832  
0.1481811676  
-0.184961828  
-0.1467103686  
0.004550137998  
-0.01086600674  
-0.3162382373  
-0.2950961619  
0.1029707662  
0.2203191017  
0.1164293633  
-0.5435435488  
-0.4272721506  
-0.3391379945  
-0.03217599078  
0.173014818  
0.02347029168  
-0.1380870038  
0.05858489071  
-0.2185644698  
-0.2840288561  
-0.3124400689  
-0.4197643042  
-0.02160294276  
-0.2211001857  
-0.396804527  
0.09414736064  
0.3096396413  
-0.1524219601  
-0.02217263346  
0.1911449454  
-0.1542561519  
-0.2949626383  
-0.2555878438  
-0.4263634544  
-0.08551030949  
-0.1550108343  
0.2971326264  
0.6135715378  
0.3902042978  
-0.0140022261  
-0.4785497245  
0.1813181618  
0.1401412613  
-0.6032170915  
0.1497515019  
-0.06617378718  
-0.119095742  
-0.5383668683  
0.2675815185  
-0.310359137  
-0.7321988595  
-0.5548859033  
-0.7332119484  
-0.2490117158  
0.2411988734  
0.1791063257  
0.1562962334  
