-0.03233504114  
-0.1303484252  
0.193656731  
-0.2901096801  
-0.455945242  
-0.4019236251  
0.0470157647  
0.4369008675  
0.002408650912  
0.04405928335  
0.5313210177  
-0.02741487373  
0.1288622226  
0.1967844151  
0.3369733926  
0.01618413924  
-0.1784732468  
-0.04485765885  
-0.2302798558  
-0.2595687173  
-0.2781792241  
-0.3503593323  
0.04463946844  
0.1325209069  
-0.3890646647  
-0.1484751943  
0.108174811  
0.3227773381  
0.3950116362  
-0.1691678703  
0.07756780331  
0.2277050501  
-0.5933723565  
-0.473945638  
0.306611287  
-0.08531125757  
0.06385451692  
0.5308713487  
0.6138653801  
-0.02440644928  
0.07879796831  
-0.2152167398  
-0.3342951983  
0.0427073205  
0.4296477825  
-0.07444819798  
-0.09189156639  
0.2632554614  
0.1670905879  
-0.2682067914  
-0.02336573718  
-0.2903747637  
-0.2359254829  
0.02882103218  
-0.02009033451  
-0.1207362409  
0.2889715694  
0.01430896943  
-0.1208080079  
-0.2047837267  
-0.1104717374  
-0.3641105028  
-0.6412994969  
-0.08082451328  
0.2963587217  
-0.1439272624  
-0.03402706491  
0.1555347143  
0.4594581238  
0.1951283719  
0.03752186012  
0.5342232666  
