-0.2415373098  
0.1846451218  
-0.3451869671  
-0.2393015186  
-0.1342745561  
0.3532549777  
-0.1631487  
-0.5880129826  
0.2004277349  
-0.2491096686  
0.01301468085  
-0.3466049743  
-0.157008115  
-0.01939499457  
-0.05453169528  
-0.1305433606  
0.3217641515  
-0.3311363004  
-0.2547515952  
-0.2389037529  
-0.6902429336  
-0.1051762245  
0.4519893747  
0.4096427262  
-0.5266336942  
-0.2354016754  
-0.004328258392  
0.08774418109  
-0.18403918  
-0.2152338442  
0.01262856549  
-0.5142404647  
0.5431448068  
0.4823909331  
0.1657038758  
-0.2923550676  
0.1868097132  
0.3954503207  
0.1667846224  
-0.1173902734  
-0.211909642  
-0.5115986527  
-0.3143357752  
0.08042067917  
-0.2226513528  
-0.4726588995  
-0.7593796739  
0.0949886355  
-0.3617162924  
0.3038297068  
0.1780495922  
-0.7595732263  
-0.07457647433  
0.002429077193  
-0.0332852925  
-0.4652449269  
0.07991397351  
0.3759829175  
0.1103911917  
0.1417705307  
0.3114487572  
-0.2232153024  
-0.6418213327  
-0.2487168808  
-0.2310510786  
-0.2928888421  
0.205487594  
0.1717020708  
0.06367297765  
0.1115026019  
0.08081351044  
-0.05744953885  
