0.007563526665  
-0.06904198549  
0.1040114499  
-0.1554864586  
-0.01561704123  
-0.1657985785  
-0.06734764456  
0.2895963621  
1.277614761  
0.7741220633  
0.2357221542  
0.5544068418  
0.4656199467  
-0.436787506  
-0.5121532935  
0.1149663502  
0.7422434257  
0.1842968132  
-0.3900464409  
0.02799456147  
0.09582911032  
0.04453611408  
0.3217873475  
0.4251677158  
0.6053492803  
0.2856043618  
-0.1692593774  
-0.1579763315  
-0.2454941919  
-0.2637764461  
0.01771453134  
-0.003854292697  
0.8210492935  
0.3491062673  
-0.1304652666  
0.03923119228  
0.157160185  
0.5334943318  
-0.04786422092  
-0.2227946098  
0.4299364567  
0.7366283762  
0.843699564  
0.2156987649  
0.2694110905  
0.297583705  
0.1188943147  
0.2018950333  
0.4089483953  
-0.4216595728  
-0.2755457664  
0.1383829972  
0.004257286753  
0.262224435  
0.2443938675  
0.2545924408  
0.8060877909  
0.7770217137  
0.09245912193  
0.1360198098  
0.1604200322  
0.2863077188  
0.2054430043  
0.1476124457  
1.083936598  
0.2943016737  
-0.4520613228  
-0.5980484239  
0.2107372939  
0.446135337  
-0.658402302  
-0.02060700393  
