0.1011197406  
0.06094366959  
0.4831934138  
0.5533064796  
0.4192000845  
-0.2105754925  
-0.1455503386  
0.2044482074  
0.4129939716  
0.4512661293  
0.5917508949  
0.2219378592  
-0.1657780695  
-0.5222671341  
-0.6414577279  
-0.2114823629  
0.07551033153  
-0.179340643  
0.2412962161  
0.3012366555  
0.1464412565  
-0.1675005532  
-0.1484195004  
-0.0909179854  
0.825396953  
0.4056600222  
0.05233152306  
-0.03806954465  
0.007339371246  
0.1236274889  
0.3079027045  
0.128192402  
0.3544460552  
-0.1184942653  
-0.245914304  
-0.4973137619  
-0.7068407278  
-0.6828085476  
-0.4665963499  
-0.8151934826  
0.8662589943  
0.9430248612  
0.411331596  
0.1072414545  
0.8094149739  
0.6662170495  
0.519093756  
0.3334781237  
-0.09401116608  
-0.08477440633  
-0.1294439259  
0.09335623939  
-0.2557945665  
-0.06827186769  
-0.4440800455  
-0.4801877908  
0.03691926992  
0.01208004414  
0.3732514166  
0.0512893298  
0.2831185034  
0.7924720963  
0.3910850535  
0.2462787699  
1.133837027  
0.02160082738  
-1.197885758  
-1.066146628  
-0.6521966542  
-0.2236145919  
-0.3464792655  
0.2408574871  
