-0.1142210025  
-0.8794366706  
-0.645881812  
-0.2801848952  
0.2679679657  
-0.195904192  
-0.3680916963  
-0.07171801147  
-0.5860349423  
-0.4800389186  
-0.271400041  
0.2680330225  
0.3247352434  
0.3016919719  
0.08967989654  
-0.1756812651  
-0.22905954  
-0.5517906538  
-0.2461660473  
-0.1449426864  
0.08254121327  
-0.3033004363  
0.09909305722  
0.7329376875  
-0.527618288  
-0.4090491871  
-0.2388826859  
-0.01789893558  
0.2256079346  
-0.02525232531  
-0.252057063  
-0.3252144023  
-0.3411891315  
-0.1893569565  
0.4043075045  
-0.1804151362  
-0.2473882521  
0.3888956436  
0.5170519038  
-0.482212491  
-0.1098765519  
-0.06071724895  
-0.2549739015  
-0.07485074524  
-0.02053080288  
-0.2502021415  
-0.1644119094  
-0.2332458166  
-0.4198675145  
-0.3982050029  
-0.7302559408  
-0.7252986057  
-0.04620023542  
0.001064389325  
-0.1980933441  
0.1199041836  
-0.4888912023  
-0.152924092  
-0.06504523244  
0.1964749949  
0.477577675  
0.1626444304  
-0.3253747167  
-0.4990440374  
0.05410019524  
0.1515059499  
-0.2514245258  
0.07209426219  
-0.2035897308  
-0.5119535883  
0.1869601909  
0.633582585  
