0.2269398201  
0.3264125111  
0.03018380305  
0.1912392464  
-0.2783604396  
-0.2234380449  
-0.2893598279  
0.3723859204  
-0.06390617121  
0.01421457176  
-0.01347864851  
-0.08358329559  
0.1349315945  
0.1453549791  
0.08839906763  
-0.2500669113  
0.2159638039  
0.1732001438  
-0.08791450019  
0.4700663239  
0.3474783429  
0.5132197361  
0.192870802  
0.002668888896  
0.3777935368  
-0.2922376173  
-0.6685611378  
0.02544793006  
0.4199509818  
0.6491642406  
0.3687073636  
-0.4108263218  
-0.02580427222  
0.260877095  
0.4274722249  
-0.2177187683  
-0.3841511607  
0.257606602  
0.135895794  
0.4113261152  
-0.02743057671  
0.2612496513  
0.3405083067  
0.530551424  
0.3110577356  
-0.1723984107  
0.06690786372  
0.09554589956  
-0.6439838762  
0.07377272352  
0.001037808233  
-0.1830810042  
0.2692989487  
0.2766289496  
0.1711834682  
0.4406679696  
0.02485141942  
-0.3995655979  
-0.508240998  
0.1899218011  
0.5013338422  
0.2370724223  
-0.07877039243  
0.3693466702  
0.171732678  
-0.3388259821  
0.1163620834  
0.1717458948  
-0.02385193503  
-0.1799674646  
0.2109924594  
0.2443656067  
