-0.2415128599  
-0.1840798306  
0.7317284566  
0.8586021042  
0.3644901808  
-0.5349229606  
-0.6679889948  
-0.430393316  
-0.3722407583  
0.2592752337  
0.7208905202  
0.4368217242  
0.3046772537  
-0.3082533152  
-0.1704354529  
0.09541404012  
0.0142811923  
-0.7715004826  
0.2125563531  
0.04610647146  
-0.3472899054  
-0.3609302332  
-0.3543921207  
-0.4814303408  
0.9845036802  
0.4769953017  
-0.563385627  
-0.5524556872  
0.2588905998  
0.2966342133  
-0.365571311  
-0.3623380474  
-0.1534771304  
-0.173251738  
-0.1100083401  
-0.2187065572  
0.1537212933  
-0.8597814149  
-0.5263425901  
-0.5182069197  
0.08538196358  
0.2902981966  
1.358770296  
1.255191552  
1.209482413  
0.4409503372  
-0.4494924687  
-0.7423202581  
-0.4193664389  
-0.1441449141  
0.2109680952  
-0.6330498945  
-0.951471186  
-0.3501577742  
-0.5209110663  
-0.7452193844  
0.3589539026  
0.502095091  
1.333397234  
0.4607347591  
-1.256927681  
0.4172879144  
0.4031521283  
0.3816586371  
0.4179509153  
-1.189092958  
-1.046011889  
0.1060123647  
-0.2043444826  
-0.2311802977  
0.1962408227  
-0.1343424684  
