0.4960394519  
0.09175881177  
-0.1227591186  
-0.09020965054  
0.1556709752  
0.0435324443  
0.1982054359  
0.2607583676  
0.5451459932  
-0.06012229424  
-0.2674999756  
0.1099920095  
0.2077014087  
0.2779320817  
0.3570834464  
0.2118945352  
0.263622985  
0.3408494757  
0.03815951796  
-0.2268705047  
0.07775577463  
-0.01721829775  
-0.03498650811  
0.8930544585  
0.3524606318  
-0.1393912191  
-0.2470593366  
0.1523977909  
0.3595481062  
-0.1091428837  
-0.2373756788  
0.003561137409  
0.8276023442  
0.3994306896  
0.4026827378  
0.1002651817  
0.01801195937  
-0.1274681623  
0.3246364857  
0.003805994866  
0.41465896  
0.3088192054  
0.1888499354  
0.03488345781  
-0.3020461382  
-0.3815811932  
-0.4301059559  
-0.08041020232  
1.002251267  
-0.03174240431  
0.2975351964  
0.7149226307  
0.1444836611  
-0.3243703677  
0.02027229662  
-0.04270514709  
0.5906301529  
0.2712058987  
-0.1225308641  
0.04693984044  
0.3244039483  
0.3571565839  
-0.02410341423  
-0.2478532392  
0.4392053137  
0.3269986945  
0.1885275092  
-0.04279606351  
-0.2230208699  
0.08294344981  
0.03863222742  
-0.3410341744  
