2.415946903  
84.82460707  
33.8952857  
-71.82821569  
-35.54899852  
52.22488754  
25.05647438  
-3.621530823  
83.71490414  
-15.44400862  
15.41891263  
-1.474149685  
-27.89938413  
-30.09177699  
144.6306285  
-59.18764599  
-73.21806631  
-93.68336952  
40.47232777  
2.016358871  
-18.88904278  
16.00992734  
-28.02601811  
-134.8242392  
-34.35657316  
20.48684292  
-15.8783777  
54.61265314  
-25.57270939  
-34.74698512  
10.6151272  
33.99461144  
20.75852075  
-135.454658  
15.39413122  
-64.6355519  
-68.77529999  
3.760287743  
-8.381636105  
-5.831494632  
41.83325823  
112.0187882  
-17.97918336  
95.36354446  
-45.08929956  
-10.87505183  
-16.14658398  
