-5.838549433  
125.6720479  
5.920247536  
7.173025188  
-14.00632348  
69.34047802  
31.84480546  
15.38626209  
-14.25273489  
-11.12418238  
-37.13682414  
13.00875233  
27.16398452  
17.51224682  
84.37770416  
7.409384241  
-113.5043458  
-0.1127623701  
-36.00632149  
-6.727229283  
15.85932252  
-10.79192764  
4.247051849  
-80.08032265  
-16.39928016  
92.58273388  
-21.34391315  
11.87108792  
-25.47907845  
0.2095326293  
16.32053489  
67.97840073  
21.36289735  
-41.86786504  
52.91975669  
-65.25198277  
-59.75387245  
9.590680108  
-26.47472307  
-57.84117937  
92.77746685  
192.1443413  
68.38675404  
-30.24166531  
-30.05413988  
-63.61927279  
25.5194337  
