1.760864849  
-1.163405575  
-0.5533069589  
-1.436948968  
-0.2833065574  
-2.775699157  
2.652169143  
-1.329767367  
1.541376577  
-0.8709765655  
-1.811580877  
-0.8721663249  
2.638292588  
-1.327170538  
1.120390829  
0.4803250744  
1.19885915  
0.2752027502  
-1.336578775  
4.09674035  
-0.4539301525  
-0.8110023578  
3.689304759  
3.20741102  
2.827673503  
0.9230416134  
-3.24730662  
0.04173338761  
2.215234344  
1.514786132  
-0.7616595554  
0.8720719337  
0.598880758  
-1.971033471  
-4.415918354  
-0.7071459291  
0.03487437318  
0.1496117515  
0.1909356187  
1.854645043  
-0.5135973295  
-1.283384182  
-2.903054556  
3.683744356  
-0.5450962925  
-0.5362886965  
-1.527016381  
