-1.880970868  
-0.03723291305  
0.0131447499  
-0.07644632701  
-1.878690948  
-5.149855761  
-1.940367312  
2.710664877  
-3.665063802  
2.527866239  
0.3369349667  
-0.3055943459  
-0.04081889307  
1.95019412  
-0.7731463318  
1.409628338  
-2.692245032  
0.6538389573  
1.768982119  
1.865594737  
-1.213592599  
2.852308876  
-6.813405029  
2.829424636  
1.394720817  
-0.1787687855  
4.663630328  
2.215363921  
-2.061307233  
-5.775059443  
-4.360579876  
0.4453242538  
-0.3788236777  
1.287484964  
7.472006683  
3.484007747  
0.3796391115  
-1.360765705  
-1.440807962  
-1.660926924  
2.113927474  
2.594923964  
0.3105738658  
0.5618184904  
-2.59415678  
-0.5594717984  
3.481126622  
