16.12047381  
-8.358852529  
-7.376847946  
-38.88159038  
27.03310684  
-19.68953305  
-9.382867547  
-26.5204111  
-53.39584134  
27.9437211  
-14.91224769  
9.369924142  
-9.911783837  
56.10905242  
9.249678438  
36.21333572  
-12.39973239  
-24.67374717  
-17.66984297  
-0.5634399928  
31.9802381  
32.09847977  
-4.379781182  
-2.522270913  
23.99270163  
5.964723122  
8.122332729  
25.77771692  
17.5535173  
-2.676516038  
15.61803072  
-5.59389549  
71.00252619  
-17.99034419  
-14.55250408  
37.60555099  
56.72291032  
-4.94260025  
-24.85839229  
55.22062333  
-12.97297336  
65.87085856  
-11.70379892  
-91.68101434  
-51.87963566  
47.97255292  
-4.57659858  
