27.69821951  
27.24860632  
16.49069928  
-63.45279228  
5.909742956  
-0.1605722514  
12.42969563  
-3.373592753  
62.78797311  
7.287414734  
11.61531165  
18.9872636  
10.62514653  
67.78373161  
3.615318316  
24.23335438  
12.14016505  
24.56803566  
19.00552173  
-2.197809935  
-13.24476204  
67.33317146  
-0.885480326  
-12.0759841  
19.39058057  
-8.341312255  
-16.09688867  
29.74054468  
39.05130836  
73.59072342  
-12.69418526  
-53.33418637  
66.44013095  
-59.10122185  
-6.036671822  
-90.6567443  
3.422587651  
-38.49008013  
-30.29074918  
103.6057374  
35.61724938  
61.51448367  
46.63166636  
1.392568322  
-30.85731864  
50.72018922  
1.445612885  
