-2.984284521  
-0.5467801513  
2.986398868  
-0.0829059658  
2.010510864  
1.125382615  
1.607918523  
0.9223910767  
-0.8578110136  
1.808539139  
4.875551776  
3.268691178  
-0.06256755044  
1.537631597  
2.856958065  
0.8285821495  
0.4091283102  
-2.861936646  
0.4567814555  
-2.245581483  
-3.266292943  
3.250283785  
-4.053731085  
-2.416244645  
0.8705777974  
0.6074891287  
-0.6994887176  
-0.2828394132  
-0.8212202406  
-1.543640897  
-1.759328694  
-1.95730573  
-0.5368997697  
-0.8702334928  
1.120590452  
2.746485806  
2.845465746  
-5.094537617  
-0.5471899713  
2.347759444  
0.4992936584  
-3.393311775  
-2.275290016  
2.443373107  
-1.731464667  
1.612072655  
1.183984481  
