14.76580849  
5.593244764  
-38.21479217  
-40.1163485  
10.13796187  
-30.81737564  
-2.387263784  
37.59186882  
-16.53809021  
-41.38054875  
4.994965899  
26.06570049  
14.08700259  
-40.72622752  
8.116466629  
33.82263567  
19.07471871  
-1.729331282  
55.45205358  
35.61854434  
-34.88536346  
-28.58445593  
25.89043526  
9.510446108  
-13.83883939  
24.41056341  
-58.98791531  
77.21615794  
43.94909473  
6.249703355  
-44.92817715  
22.21784283  
111.4301467  
-22.5948655  
-136.1831422  
-78.9210226  
-128.6631694  
8.587521466  
-66.07068608  
-7.555864426  
-23.58600267  
173.768419  
-17.75875291  
-15.54254817  
-45.58945104  
24.75512456  
-36.80522301  
