-0.5498633036  
2.27660164  
1.876566103  
5.478421852  
0.1979101012  
-7.196032494  
-11.03505418  
0.07086155117  
16.64122187  
-7.507507076  
10.88595008  
3.278471981  
0.01933292836  
4.336905573  
-0.6683001375  
-8.966798561  
2.134762632  
-8.152816522  
3.762907002  
10.64727556  
2.343486986  
-1.480352114  
4.069592209  
26.3906543  
0.05272635967  
-5.188691993  
-3.12268055  
2.157621368  
3.22306267  
1.280690186  
7.140568893  
9.382031217  
2.3074541  
-6.444353015  
-18.70220343  
-6.933968891  
-3.103225612  
2.802715794  
-0.01190244079  
5.122678975  
0.2527396417  
5.963215424  
-4.004138894  
-1.642497864  
0.6622293305  
0.5844327146  
-2.526248411  
