0.1713113737  
-10.99270315  
-0.3081192062  
-8.876048908  
1.079111477  
-3.592493209  
-2.866090041  
-1.386271009  
8.676729785  
-1.283102529  
4.454534186  
1.363742401  
-4.113236077  
-5.142037306  
5.402614088  
4.502071533  
6.670626736  
-0.4648458374  
5.798748341  
1.078207211  
-3.043903669  
1.222049708  
-4.441920125  
-4.68008593  
9.602797642  
-15.21463936  
-4.955840811  
-1.433075258  
7.854161889  
0.7452118492  
-3.89721407  
-3.186602248  
0.5040552199  
-6.548753023  
-6.524868585  
-3.393545587  
1.812039393  
-2.541123337  
-0.2070401531  
8.327479877  
-11.11392855  
-22.27898151  
-3.322713508  
9.565317417  
4.879540606  
3.649751374  
-2.709831028  
