1.492309799  
-6.012534145  
-2.510583021  
5.429159775  
2.1342408  
-2.830168853  
2.224774104  
0.9380583073  
-5.025536602  
1.155504986  
3.660438743  
-0.3939381326  
3.721847743  
9.303153265  
-5.954098082  
3.44444582  
10.84467091  
6.425264311  
-4.960621722  
-2.453472099  
3.038056024  
1.339708946  
4.767698193  
2.127296067  
-0.3317044675  
-0.3055242145  
-2.146541356  
-3.935778895  
3.544230033  
5.307532054  
1.758200927  
-2.894692334  
-2.929158205  
-0.4474933815  
2.452191131  
-8.660773184  
7.420807705  
-9.175736882  
1.485944586  
-4.680292261  
1.625536095  
-12.84387641  
1.705353242  
2.700246105  
3.443293221  
-0.7265213609  
-0.9290552342  
