-5.065330153  
-10.287264  
12.16751032  
-62.63893547  
15.71203445  
67.78738914  
104.8377671  
-16.19641753  
-30.33353291  
45.00870688  
-67.74052923  
-24.06858498  
-33.86067226  
16.20451727  
64.14923363  
17.96472294  
-1.137187958  
18.05681643  
-9.147482276  
-116.351619  
-20.77521896  
0.9194616604  
-16.42625698  
-304.5710103  
-9.133766708  
26.10857389  
-6.280448608  
-17.03445872  
-38.45089193  
7.883556719  
-19.05551913  
-19.14002395  
-35.49280782  
22.05787637  
123.7723389  
-59.98313802  
6.620384705  
-21.25419617  
-21.94234534  
-42.91273279  
43.14841541  
106.7217732  
-16.7080545  
69.11162516  
-37.92081579  
-59.48686462  
26.16248572  
