-2.173509389  
-2.687749973  
-2.273740807  
0.737643654  
-1.009360951  
-1.903445709  
-1.03972088  
-0.09895790202  
-2.542755156  
2.77800587  
-1.417651032  
-2.478006915  
-1.636357367  
1.829152833  
-1.184443009  
-0.3571184536  
1.148490527  
0.7708964342  
-0.4410161856  
3.937017626  
4.898744227  
2.186210553  
-1.002496061  
4.181991499  
0.02352533019  
0.05333017087  
1.815490744  
1.322389375  
-6.106160076  
-3.93885571  
-0.715412802  
1.79412739  
1.461790157  
-2.333503594  
4.251822762  
3.52759712  
2.661467205  
1.111179525  
0.07870110281  
2.16315306  
-1.522184126  
5.206153547  
1.913994275  
-0.9466229742  
-0.2391360024  
-0.08146967386  
3.229552689  
