-0.2929769209  
3.207773955  
-2.23192965  
1.810012557  
-2.172927919  
-3.845503083  
-5.351505461  
-3.761893886  
-2.700901113  
1.423287942  
-0.7872147686  
2.891931942  
-4.131319842  
13.59094921  
-1.635750857  
-1.143147622  
1.621339274  
-0.6547118736  
-2.98541464  
1.115040758  
3.593416562  
-3.235143959  
-0.8588428544  
1.472229179  
-0.7960027645  
0.1371997469  
-2.630310341  
1.319265146  
-6.612286116  
-1.239356742  
0.08864531705  
2.924234563  
4.075082857  
-0.6875939591  
0.4618887937  
2.409846811  
-3.74676886  
-2.329478396  
-0.03666319737  
2.870525474  
0.8310001116  
-2.719312592  
-0.3136972111  
-3.702440971  
0.9990497918  
4.033914955  
1.121710487  
