-2.413349991  
-1.164184273  
0.7050603616  
5.241485018  
2.556731457  
0.5988323281  
-2.014172974  
-0.5034035107  
-8.050916678  
4.194650234  
1.121331282  
4.198475939  
-1.595123359  
2.340540637  
1.27531585  
-4.310590661  
-2.074580182  
-1.715689982  
-1.13341404  
0.366806342  
1.826182139  
2.724556849  
-6.77113678  
-1.562285999  
1.875542575  
-0.1882275158  
-2.298500596  
1.99107805  
-1.862145325  
-3.625487299  
0.4807546231  
2.049730294  
0.2050452237  
-1.948774546  
1.683752773  
1.360190286  
8.533655236  
-3.185703597  
-2.181740408  
3.118251966  
-2.865347259  
0.1537828124  
-0.2703359677  
5.321857307  
4.686667583  
7.034812601  
5.511497367  
