-0.2792567485  
4.739419418  
5.814391287  
-2.763774725  
2.161631802  
3.311425723  
4.556114191  
1.443761366  
-1.180491325  
-0.3808138625  
0.7310004266  
-1.737431741  
4.504157405  
4.205883545  
-0.01717968834  
3.902647683  
-3.771468263  
-0.4280263813  
1.71289977  
-9.306902634  
1.682482085  
-0.7769474999  
-8.764467854  
-0.1487341555  
-0.6506645966  
-5.768070409  
1.213167566  
4.679422862  
-3.077396368  
-1.7433487  
2.20285581  
1.335953023  
-1.679740783  
-1.425330724  
-0.03698416917  
-1.013330334  
5.752587356  
0.6557914654  
3.68447193  
-1.322409275  
0.9214981438  
-3.029690569  
-0.3430648452  
-3.447354492  
0.8670977453  
-1.979829099  
-0.1045837138  
