-1.054862342  
5.530675191  
-1.219208127  
-0.8358229854  
7.164819666  
-1.859620176  
2.300327072  
3.269309513  
1.300727265  
7.688647427  
1.224483015  
3.370445257  
-1.002371138  
2.04279566  
4.499772811  
5.509781226  
-2.676049365  
-4.248982163  
2.058137937  
-9.559339448  
2.998192048  
3.938000325  
-10.92160825  
7.492851703  
0.7788314973  
-5.84758553  
-7.87625294  
2.436187308  
-2.622507337  
-0.4702256714  
1.871730639  
0.8493875324  
2.164525588  
-0.9221672155  
3.066031544  
6.912105912  
8.517884425  
0.8814020277  
1.142382877  
-1.053720918  
5.826854277  
-1.6587519  
1.517795663  
1.208825654  
12.23212419  
-1.876491097  
1.703963093  
