1.774083484  
-6.537590272  
0.8191501122  
-2.943119171  
-2.420468073  
-10.5660744  
-1.97419796  
-0.08246361288  
1.726018862  
4.668336263  
0.0897197692  
-1.988268639  
6.623488878  
3.611673939  
-1.245192041  
-0.08925758714  
-1.357945582  
-1.55415022  
2.616548341  
-0.8724763174  
3.564635023  
-2.829769433  
5.732841673  
-1.778106197  
2.186817335  
-1.767086382  
-3.85586322  
0.8888571876  
-0.5042570665  
2.277650597  
2.104212359  
1.160159175  
0.7328500716  
-0.7239929265  
-1.574160054  
-1.021851057  
-11.51710405  
-1.185660401  
-1.26907194  
5.820527102  
-3.615493975  
3.208111115  
-1.600766534  
7.894538252  
-4.152295407  
-2.542420328  
-3.30421646  
