-6.106607694  
1.373454376  
3.497580997  
1.889133646  
-0.4034738256  
3.459554641  
6.814178755  
3.694775744  
1.731343353  
7.424210323  
-0.9581880134  
0.9465340835  
5.537927176  
3.220193397  
2.079561745  
9.21541229  
0.6875582204  
-1.271809534  
-2.489651675  
-6.207722237  
0.8027015822  
3.228192894  
5.094057667  
1.846293305  
-2.553675689  
-2.754562254  
-0.3932036812  
3.502762631  
0.1081168834  
-2.509815534  
-0.7642856554  
-4.080435869  
1.919013966  
2.398790167  
6.674911841  
-1.505361431  
0.2662540774  
4.725843913  
-7.440289562  
-9.966677845  
-0.4913969589  
-0.8785656471  
0.733766118  
6.299060828  
8.686911131  
-12.67610214  
-2.372238438  
