-2.106595066  
6.197779879  
3.895204266  
2.761104824  
0.8794644596  
-0.7750940809  
1.803806801  
-2.387446964  
1.638919017  
-2.699613737  
2.381866459  
0.3919073426  
5.878691575  
-3.909579753  
3.820452476  
4.256384563  
-1.356424304  
-3.521072831  
4.206347931  
-4.543476651  
-2.230419899  
6.946122689  
5.881234067  
-0.9192412398  
0.3732897047  
3.106602574  
-4.411587089  
2.749506087  
13.03086847  
10.63328165  
2.367043314  
-1.831452618  
0.4631533868  
3.152779686  
-1.348190442  
3.242301067  
-3.594249559  
-0.8903241022  
-6.072245184  
-2.226621328  
-3.730772874  
1.255700849  
1.485215178  
0.03952749936  
2.023229637  
-5.63580336  
4.345539358  
