-2.283860404  
-8.247975713  
-1.077808177  
-0.2625712854  
1.154268917  
-0.6306272218  
-0.0890236944  
4.297654514  
-6.550628129  
-0.1610696039  
-6.370170305  
1.882007524  
-0.8365487574  
3.767392811  
0.8679719058  
-5.422675574  
-1.933596178  
1.94763283  
2.121208796  
1.793137142  
1.91839134  
1.931201193  
-11.52191626  
-1.470620555  
0.5220922243  
-3.889779998  
-4.13475732  
0.9085075505  
-6.589482891  
-0.7348161648  
-4.835447029  
-3.155538738  
-1.29314418  
-1.653671712  
0.7145542976  
1.087751468  
2.991432764  
-6.122910694  
-4.200083488  
-5.276404331  
-3.009174003  
-0.2206472441  
-6.614275292  
-3.483347243  
6.422295821  
7.111174558  
0.5914548896  
