3.893229041  
2.242490091  
4.832393667  
0.4360148107  
2.015568339  
6.228287609  
1.060303431  
0.4001022863  
3.010095726  
-7.549672051  
-1.875948114  
4.516212173  
1.375299897  
8.649845776  
3.40056888  
2.880066567  
-1.21377953  
4.757541431  
1.533566398  
9.377048812  
-4.577249433  
1.613008392  
-6.576843029  
-0.1408097562  
2.31418448  
6.157121742  
-2.478180921  
7.937248906  
-11.86944746  
-4.492268065  
5.180919815  
1.37432716  
1.356561576  
3.098018819  
5.752666567  
3.544909791  
0.1754520386  
0.75028125  
-0.2155553291  
-0.7435918403  
1.752677175  
1.652186071  
4.872276718  
1.344865262  
1.084482368  
1.243015462  
-2.847922921  
