-0.9057551683  
0.8343766045  
-1.683920229  
-0.6606256496  
0.4230499467  
-2.689156366  
-2.801515258  
0.3295553582  
5.035058886  
-0.7883156347  
-2.06494762  
-3.466127527  
4.321088159  
-0.2746706347  
0.4477911888  
-0.6566652223  
-0.9751017627  
-0.04899993343  
-0.2438593217  
-2.877657541  
0.9680441729  
-3.178886241  
3.891374519  
3.595930285  
-1.944744278  
-0.5534913967  
3.854199408  
3.155212799  
3.938238467  
2.58608061  
0.4474972628  
1.896545392  
1.19916543  
-1.319258716  
3.231793098  
-1.030032017  
2.480928926  
-4.642810625  
0.9382197582  
-0.5254237742  
2.613321373  
0.8805861432  
-2.05985603  
8.993505628  
-3.177084774  
3.648554012  
-2.494010089  
