3.362087683  
4.656203816  
11.72082432  
0.1814478973  
5.277849273  
5.420956536  
-4.51352041  
1.431365244  
2.306972839  
7.389440135  
-4.949885295  
-0.8024617567  
5.808145768  
6.819202969  
2.913152395  
-0.1121117849  
-2.362823169  
-1.663095266  
5.623730659  
-5.329757408  
2.014457209  
-2.351713408  
-6.721013897  
2.726706404  
4.63645829  
3.297652325  
4.349075254  
1.084464757  
-9.426393007  
-4.791322878  
1.128289556  
2.118614921  
-3.361462672  
-1.898491206  
-4.647041333  
3.640807392  
0.1582892247  
-4.243217656  
-2.58858926  
6.740533962  
0.1873451844  
-1.962769199  
-1.943393378  
1.622884239  
14.49956329  
2.359287868  
-6.180555394  
