1.033050733  
-0.2681888157  
-0.68547909  
0.641097856  
1.373982768  
1.101030208  
-1.235521705  
-1.512990988  
-0.06790233781  
-1.137775208  
-0.9120946039  
-0.5043513528  
0.2731290399  
0.2384242756  
0.6689937125  
0.6357281038  
0.5646803165  
0.5386029768  
-0.1490033075  
0.1868173136  
-0.6126141251  
-0.64419225  
-0.1322283066  
-0.001320039804  
0.01331728795  
-0.5810928775  
0.0443959792  
0.4377715347  
-0.47895175  
-0.5122155205  
-0.1702626499  
0.2812795494  
-0.4188410456  
-0.3052429307  
-0.3723575392  
-0.1336577299  
0.218292651  
0.2441398889  
-0.118711753  
-0.09489936921  
-0.4692091876  
-0.7435715146  
-1.005954174  
-0.02281526162  
0.7614366859  
1.115181578  
0.5371549608  
0.07921536501  
0.120568678  
0.185073383  
0.001136894736  
0.1409750158  
-0.6282688686  
-1.186208589  
-0.8905040654  
0.1852440083  
0.4279921264  
0.3992508959  
0.07457633218  
-0.1692403598  
-0.01901575198  
0.3567362355  
0.2762415762  
-0.01977889877  
-0.238604875  
-0.3113431555  
1.623015685  
0.840222196  
-0.08662788688  
0.639230973  
0.09581171412  
-0.6321719369  
