0.7764739309  
0.2410498709  
-0.1883398693  
0.09695996185  
0.5573986168  
0.8106152218  
0.3761680104  
-0.9376057783  
1.065123229  
0.3327029881  
-0.148084095  
0.2638254967  
0.5641211228  
0.2757075551  
0.2591163734  
0.4193172852  
0.4634492399  
-0.2301742534  
-0.07150066027  
-0.003252142531  
-0.07098740978  
0.2064904625  
0.4654784759  
0.0955401542  
0.6699123965  
0.593955921  
0.2102880268  
0.1869422167  
0.4124509071  
0.2800944414  
0.4221234435  
0.37620578  
0.1523721915  
-0.03236115199  
0.09426293211  
0.2994182137  
0.8583259954  
0.2644811885  
-0.08598100276  
-0.4223783343  
0.4783625413  
0.6891134407  
0.893494537  
0.5917616222  
0.3633419572  
0.2228430554  
-0.0122320457  
-0.1017717665  
0.6244560638  
0.2813093662  
0.2352005739  
0.3093086365  
0.350651429  
0.4646331071  
0.6687282786  
-0.1216991191  
0.4639344545  
0.3202987284  
0.670017455  
0.2283464201  
0.04248853505  
-0.1523624737  
0.1395599365  
-0.0178917738  
0.6603550955  
0.1963308138  
0.218045381  
-0.05311660438  
0.2229861773  
0.2374826375  
-0.2767820155  
-0.3139454427  
