0.3302776  
0.1433316251  
-0.385868691  
-0.2570004684  
-0.2350487525  
0.2159825366  
0.2456233977  
0.3757583644  
0.860129355  
0.355976376  
0.09466176695  
0.587945813  
0.6666808145  
0.8380977148  
0.3385211683  
0.01199135489  
0.4746211772  
-0.3671603194  
-0.3408075503  
-0.02203620309  
0.1002317273  
-0.3396029147  
-0.2668047208  
-0.5568422706  
0.2532909168  
0.615434345  
0.8584321768  
0.7002242485  
0.566050108  
0.1463697874  
0.06145810437  
0.3305913268  
0.4220316152  
0.7407952711  
0.2541120333  
-0.3327127515  
-0.1193796915  
0.1356178804  
0.3141883412  
0.4817112292  
0.4772863367  
0.1015977322  
-0.1683710264  
-0.0250039462  
-0.05409749095  
0.3051781927  
0.1625169406  
0.001505509446  
0.6449926049  
-0.3189257374  
-0.1996688822  
-0.3164358208  
0.1106109093  
-0.09448403426  
0.9847118759  
0.5463307403  
0.1225299179  
0.4925378474  
0.4375117088  
0.4663372589  
0.4952472719  
0.4911486948  
0.2702032038  
0.05943945504  
0.3031748068  
0.03550854381  
0.2287368383  
0.3660801848  
-0.04695475311  
-0.1041704814  
-0.03605902362  
-0.2704216308  
