-0.0771459341  
-0.1298517173  
0.4884650331  
-0.07543330816  
-0.63602447  
-0.04354992332  
0.2925376916  
0.1931332283  
-0.6604351378  
-0.2159180312  
0.7114415722  
1.011452791  
0.4751765399  
-0.4253865535  
0.1264193477  
1.053381585  
-0.1955566418  
-1.4100148  
-0.368983819  
-0.9776984239  
-0.205472976  
0.480330989  
-0.5253302655  
-0.08115955285  
-0.5054972838  
-0.5127513313  
0.8927074933  
-0.008379673193  
-1.17053287  
-0.3445062593  
1.073204038  
0.6719999369  
0.4231524036  
0.02954998465  
-0.1138156503  
0.7327968837  
0.3435187105  
-0.6435531807  
0.09865294564  
-0.2916603684  
-0.5126744768  
0.8144423036  
1.830338383  
0.7155290228  
-0.4052393316  
-0.4688904752  
-0.07135793885  
-0.8118292446  
-0.4777238457  
-0.08794080353  
0.1623956977  
0.06328855004  
0.1737285052  
0.2845253722  
-0.1180189845  
-0.07636291769  
-0.08408291246  
-0.2011158102  
0.8947055173  
0.3601407963  
-0.2238941095  
0.04344082859  
0.1885475358  
0.006625133076  
-1.078629128  
-0.3195891491  
-0.4727039176  
-0.5660722765  
-0.1084444914  
-0.4188173496  
-0.5262536893  
0.008988601499  
