1.064923492  
-0.3945304389  
-0.6180476192  
-0.1400031277  
0.3131382446  
0.2042529171  
0.1811075618  
0.08933414509  
0.9185862802  
0.3124908774  
0.5504423432  
0.803032428  
1.107911295  
0.222474983  
0.03453751036  
-0.2945021792  
1.15532075  
0.09947805185  
-0.1303033531  
-0.02218475938  
0.03651794125  
-0.352512651  
-0.8773089235  
-0.5387437583  
1.243483005  
1.171361216  
0.4579359037  
0.1112956214  
0.4448909437  
0.6767716141  
0.7205461389  
0.6199320841  
-0.1202660189  
0.0103844516  
0.05746530157  
-0.8209041969  
-0.1277871756  
0.5206087585  
-0.06937188194  
-0.2193239625  
0.2949456908  
0.9409372375  
1.147200057  
0.5753618424  
0.2874898534  
0.6149035004  
0.766629768  
0.1017489448  
0.1374083844  
-0.2637879747  
-0.04973970275  
0.10330146  
0.3967945709  
0.2841126233  
0.05137528871  
0.562335592  
0.7420596573  
0.2046896342  
0.3789380914  
0.562273166  
-0.1769294815  
-0.5055998681  
-0.506977029  
-0.4295289085  
0.188179022  
0.7046988644  
1.382025206  
0.7800231278  
0.7815560385  
-0.363889596  
-0.03894531217  
0.7531283112  
