-0.2639547149  
-0.02916450014  
-0.2805627689  
-0.1952746683  
-0.9470342915  
-0.215769845  
-0.1697872707  
-0.0982248688  
0.6724094556  
0.9783692107  
0.4618341797  
0.9751987608  
-0.5876561465  
-0.4639361924  
0.5434273191  
0.7075116302  
-0.3714297261  
-0.4485812273  
0.05786929534  
-0.09924207064  
-0.4223270744  
-0.06211376778  
-0.04412361744  
-0.7241715248  
-0.6354316784  
0.1138554964  
-0.6965519553  
0.3504336727  
0.7459977218  
0.1574075309  
0.07144375518  
-0.2204872217  
0.5901884542  
1.019839697  
0.1102938436  
-0.6884237675  
-0.4912620502  
-0.5620347493  
-0.5580817761  
0.4362773425  
-0.1150098106  
-0.1850070357  
-0.7723619635  
0.1080731177  
0.855846827  
0.281834237  
0.1266941365  
0.5975734874  
-0.7934265233  
-0.8902287385  
-0.2899988478  
0.03078378031  
0.3812946863  
-0.4660143679  
0.6901071303  
1.285628571  
-0.9482255107  
0.5421959624  
-0.2817261737  
-0.1797602516  
0.386671598  
0.07888774304  
-0.03579546526  
0.02687627241  
0.3768042855  
0.7140593085  
0.6719751254  
0.5507498838  
-0.5769943626  
-0.4161453359  
-0.4644837184  
-1.145927692  
