0.7474162265  
-0.3521058391  
-0.4170752995  
-0.1478212782  
0.5493018145  
0.5095384662  
-0.5824135502  
-0.9399614107  
0.1235776591  
-0.8987395212  
-0.4741278801  
0.1077976863  
0.9143005853  
0.8413220619  
0.6208473844  
0.03116864633  
0.7726060285  
0.377155653  
-0.1550736864  
0.3812915906  
0.3762001521  
-0.5976693364  
-0.4308694032  
-0.1039231542  
-0.2864842021  
-0.1369051294  
0.4450385633  
0.506131181  
-0.03378510514  
0.8706360983  
0.4139521355  
0.2009020816  
-0.1777590319  
-0.4352917407  
-0.6455304582  
-0.2106281721  
-0.07845505837  
0.4248841342  
-0.009007352257  
-0.6824646834  
0.2382029346  
-0.2366279417  
-0.1995798035  
0.9344747506  
1.840902184  
0.8090513315  
-0.06070379972  
0.2463553701  
0.434553464  
0.1409436707  
0.1821637132  
-0.05991209494  
-1.067944719  
-1.35152475  
-0.01198245605  
-0.6656364618  
0.7116950029  
1.028505065  
0.764979473  
-0.1412298953  
-0.1866442428  
0.4201821752  
0.7508767163  
0.5784119403  
0.4216842879  
-0.1310550022  
-0.1055470862  
0.4860887967  
-0.1069487925  
0.7741136633  
0.5908365174  
-0.1176085978  
