-0.01292490922  
-0.320677909  
-0.4263896116  
0.4283787424  
0.008680930214  
-0.106977142  
-1.143200107  
-0.6869366793  
-0.09017064082  
0.01766634796  
0.6116863983  
0.43907084  
-0.1789333157  
-0.1182068343  
-0.1578567772  
0.1817184879  
0.06645098169  
-0.3024071183  
0.1844685324  
-0.2808025435  
-0.4210217107  
-0.1833315724  
-1.053130457  
-0.6841323057  
-0.1545504751  
-1.31140347  
-0.4926829058  
0.4598513006  
0.2689652354  
-0.05803739206  
0.02954689561  
0.8174766021  
-0.1212046062  
0.4396776216  
-0.7690963389  
-2.107033602  
-1.563816493  
-0.3819502969  
-0.132014659  
-0.2988993008  
0.06465862182  
0.2637454314  
0.6949938079  
0.8738073775  
0.4182855754  
-0.03314571862  
-0.4866420094  
-0.6165652329  
-0.1032129434  
0.210756755  
0.7166557751  
0.3161620141  
-0.4334461715  
-0.3081621238  
-0.2472139252  
0.2497395089  
-0.2387956303  
0.09903776905  
0.2478986828  
-0.297361893  
-0.4836022454  
-0.1566654042  
0.02688272748  
0.1209017765  
0.005215632239  
0.2361776901  
1.134706328  
1.123473771  
0.444230233  
0.0993421066  
-0.5393131447  
-0.82400345  
