-0.02290762647  
-0.2713719135  
-0.1148765138  
0.02433661028  
0.09692118998  
-0.4135056343  
0.001758989204  
0.1926305368  
0.3244858961  
0.1975400756  
0.7762431858  
0.9092412028  
0.3398744329  
-0.2463257459  
-0.4308928714  
-0.6180859382  
-0.09986131034  
-0.5270644939  
-0.003862998203  
0.3115487588  
0.3705740969  
-0.1895784465  
-0.8441038583  
-0.1108472546  
1.05687706  
0.3277428208  
-0.2016158315  
0.2169353565  
0.4137243123  
-0.0313756547  
0.4439611968  
0.679354741  
-0.5356603924  
-0.8236153619  
0.3157178131  
-0.1480065078  
-0.7039448201  
0.1564535934  
0.7985792863  
0.5644535064  
-0.1984411443  
0.2570609035  
0.1428261646  
-0.06752337505  
-0.2043843914  
0.3157643266  
0.1215755754  
-0.4613200207  
0.7539686396  
0.3508105962  
-0.5121157384  
-0.5938302025  
-0.211924094  
0.198608487  
0.3418339218  
0.1091688757  
0.02938901055  
-0.019853627  
0.1249606066  
-0.4230756092  
-0.1038007834  
-0.3470689071  
-0.3945281229  
0.1486886644  
-0.1931787858  
-0.3952320851  
-0.3888015433  
0.0004233206181  
0.2992275109  
-0.9287179444  
-0.0441836653  
0.8278024877  
