-0.4148011778  
-0.4628340458  
-0.5620198577  
-0.4354357932  
-0.6083542048  
-0.1344651488  
0.2377226339  
-0.3859935983  
0.5141269725  
0.3966565164  
0.4432349297  
0.2435948145  
-0.6450354696  
-0.1000919028  
0.2294531318  
0.285208292  
-0.3213732081  
-0.4380300639  
0.1093161312  
0.5309286858  
0.1299196953  
-0.5326470257  
-0.2127161011  
-0.2603145496  
-0.654145582  
-0.1965163512  
-0.2951873653  
0.7493418621  
0.6019415244  
0.004891410225  
-0.2051370909  
-0.09320399658  
-0.6225700782  
0.4211705836  
0.9520508002  
0.2506956306  
-0.7203902374  
0.06590879954  
0.4446672941  
1.149607091  
0.2526465052  
0.434442673  
-1.843166948  
-1.625183742  
0.00426729396  
0.8056681633  
0.8574321611  
1.093078918  
-1.203133317  
-0.6049488527  
-0.07497846727  
0.03254394184  
0.4476287341  
0.2525004019  
0.164083531  
-0.4295964113  
0.3492185501  
0.4500351177  
-0.1746780334  
0.414125651  
0.4395630706  
0.1001131439  
0.07024643188  
0.1011636696  
-0.3329558473  
-0.4299837803  
-0.2773824162  
-0.246929217  
-0.6905208465  
0.06248051019  
0.502594261  
-0.296986812  
