-0.1024151251  
-0.4587042922  
-0.7496120878  
-0.4518019151  
0.01494473219  
-0.2823567765  
-0.3167751467  
0.6210703677  
-0.2117490661  
0.07502857113  
0.441135379  
-0.3114278405  
-0.5698198762  
-0.1647346226  
0.3067634759  
0.9569387354  
-0.1582017212  
-0.08315551619  
-0.5972698875  
-0.46395162  
-0.3609518337  
-0.9399055433  
-0.999368144  
-0.0802321026  
0.036320778  
0.06140218758  
-0.7113826783  
-0.5182198261  
-0.09438802256  
-0.1986159875  
0.1099809749  
0.3486024574  
0.1844977676  
-0.1987690505  
0.03424664763  
0.07124503135  
-0.5490242612  
-0.4563929202  
0.1811608787  
-0.04859903871  
0.07656400484  
0.7390083198  
0.5288206944  
0.2965492848  
0.06784867191  
-0.4450601661  
-0.4321565143  
-0.4610134045  
-0.6445709181  
-0.8765860144  
-0.4407139324  
0.3610189449  
0.303633042  
-0.5918137804  
-0.08818574279  
-0.09887743859  
-0.3439532189  
-0.5260920565  
-0.3726788683  
0.1192962298  
0.04463586084  
-0.1503370161  
-0.1200260635  
0.1088150763  
-0.1646168143  
0.1573811063  
0.4841656608  
0.1731177639  
0.08049529869  
-0.2880494343  
-0.5823096595  
-0.3851095677  
