-0.6499576469  
0.2368236474  
0.06594209608  
-0.1273823082  
-0.1845554725  
-0.8474682428  
0.02960851063  
0.126588994  
-1.24509045  
-1.275383394  
0.8455365261  
-0.1979920956  
-0.6642271523  
0.1998377533  
0.621707699  
0.3844960989  
-0.1795478287  
-0.6050828978  
-0.8463846727  
-0.2662053413  
-0.3314544127  
-0.7206835217  
-0.01261078819  
0.485777464  
-0.4913634815  
-0.5210701781  
-0.6406677083  
-0.203602714  
-0.3739790668  
-0.1048136603  
-0.5516696384  
-0.7112917979  
0.1200744112  
-0.3177003551  
-0.2595827868  
0.05676452355  
-0.1850178505  
0.1914306585  
0.1772124563  
-0.5282965808  
-0.07432116921  
-0.6732832462  
-0.5468150164  
-0.4232815646  
-0.2358585761  
-0.7507081518  
-0.00733789331  
0.08803921075  
0.3643988786  
-0.5936961072  
-1.109093453  
-0.9829334719  
-0.4481733319  
-0.008084421683  
0.1750797692  
-0.5779113442  
-0.01469098914  
0.7963800509  
0.1495260138  
-0.02905794782  
-0.46610808  
-0.6761219527  
-0.2698089964  
-0.7575080932  
-0.04039560386  
-0.2571763835  
0.07471860906  
-0.7891496467  
-0.9783662628  
-0.232919871  
-0.4138042154  
-0.1252124891  
