0.7949376986  
-0.09653605398  
-0.4779622855  
0.03934681278  
-0.003444475771  
-0.3221491225  
-0.6660430191  
-0.307965415  
-0.2581731081  
-0.1357192172  
-0.2779471246  
-0.4622493969  
-0.4815777716  
0.01028620212  
-0.1116881171  
-0.1832095841  
0.08872382735  
0.1492931611  
0.3758516973  
0.4447623027  
0.1403272171  
-0.2096514799  
-0.3554627079  
0.1099943824  
-0.3002304135  
-0.1159975281  
0.2246940703  
-0.533987232  
-1.220883774  
-0.5660708238  
-0.3964176983  
-0.09480336688  
-0.1021661431  
0.710902505  
0.6763873822  
0.2408516862  
-0.07081318389  
0.02570421682  
-0.09989044164  
-0.421835836  
0.5492761156  
-0.1562691082  
-0.1625622019  
-0.4738665481  
-0.7504405354  
-0.5829073262  
-0.1461843168  
0.1006367154  
0.1811049649  
0.3790837721  
-0.1768258165  
-0.08441097985  
-0.06288963997  
0.5167921223  
0.03211006071  
-0.9989958456  
-0.07454414207  
0.3551172697  
0.6824516711  
0.1404856139  
-0.1823178783  
-0.3997914531  
0.2713633556  
0.2684553771  
-0.01366742593  
0.04979754381  
0.05199679796  
-0.4627486856  
0.03315108757  
0.06485869049  
-0.2978105633  
0.002971817186  
