0.2051059432  
0.1750500343  
-0.149379693  
0.4813278729  
0.03755009949  
0.5408730088  
0.4159636567  
0.2985497101  
-0.08612457271  
-0.2774861307  
-0.1752840848  
0.1386501464  
-0.2225233664  
0.0127635282  
0.2761471518  
0.3118033633  
0.3787805586  
0.4058450591  
0.8190999894  
0.25493077  
-0.04776979017  
0.1943939373  
-0.2329384424  
-0.2530048146  
-0.02373572713  
-0.2892170654  
-0.3519120456  
0.008260402412  
0.5549502182  
0.1651219594  
0.2248401483  
0.5820741395  
0.9150470786  
0.5273201773  
0.3384496206  
-0.1437341686  
-0.3083171575  
0.05617383686  
-0.04137379402  
-0.6319609882  
1.108989063  
0.1365167775  
-0.07557552925  
0.5491797759  
0.3628663869  
-0.2251389508  
0.3505631901  
-0.005833081803  
0.5335048353  
0.1935999596  
-0.5561680809  
0.09209881147  
0.01545259327  
-0.03317654422  
0.009949055059  
0.1743123153  
-0.08809365607  
0.540998366  
0.4152615714  
-0.0005222574661  
0.3959040197  
-0.07832231841  
-0.08228127952  
0.3966385417  
0.5119229893  
0.7079671702  
0.267841228  
-0.316671135  
-0.1013133514  
0.3429577668  
0.001920942511  
0.01381297636  
