-0.007790486475  
-0.2228733361  
-0.0837706812  
-0.2732714342  
-0.4103561099  
-0.4778217167  
0.131027466  
-0.3463154079  
-0.2821821102  
-0.2909425852  
-0.4818071528  
-0.1281970067  
-0.1939908905  
0.04413012886  
-1.33877269  
-1.176182534  
-0.2588246112  
-0.004811939048  
0.3089047561  
0.4753673022  
-0.1525674749  
-0.3968239744  
-0.5115894183  
-0.06266429863  
0.009439142911  
0.09404026393  
-0.3139436649  
-0.821712682  
-0.6728251622  
-0.2916962475  
-0.2282608832  
-0.5016655961  
-0.3423209845  
0.05165131547  
0.3989342325  
-0.4753177158  
-0.3965745823  
-0.3744624953  
-0.4496358519  
-0.3583238671  
-0.5188854553  
-0.3110238106  
0.03965142075  
0.04441560496  
0.1521209278  
-0.3125188857  
-0.3281203016  
0.006906053345  
-0.06478528404  
0.07872352788  
-0.02063974768  
-0.112007216  
-0.6313300478  
-0.3985928915  
0.09928676388  
-0.7072501818  
-0.02298979108  
-0.5669021512  
-0.1225096215  
-0.1725043627  
-0.5438740218  
0.1077406216  
0.4663283251  
-0.316743307  
0.4589206563  
0.2617562409  
0.4872506738  
-0.2986068351  
-0.1720233711  
-0.591594896  
-0.4345107794  
-0.3225241186  
