0.8440044548  
0.5140329348  
0.1418260263  
-0.1958681016  
0.1917088064  
-0.0478392251  
0.03305536989  
0.04462908169  
0.2513980166  
0.1309050579  
0.1965407211  
0.04559379934  
0.1847837803  
0.3088072156  
0.1406416775  
0.5945885975  
0.1932336609  
0.01388020211  
-0.1280970271  
-0.0006099922435  
0.2757335336  
0.6176552727  
0.507599822  
0.2257406034  
0.3562881358  
0.1917390764  
0.08269488427  
-0.1534566388  
-0.1438796592  
0.1890873973  
0.3993960977  
-0.1694840272  
0.09420388253  
0.5942966499  
0.5311985597  
0.6141364013  
0.1075720238  
0.09909444807  
0.1532609304  
0.1484241213  
0.8393747689  
-0.02154159632  
-0.5199960571  
-0.231910679  
-0.19735805  
0.07844545692  
0.6945127278  
-0.08009309915  
0.5377366908  
0.3811358693  
0.05613776843  
-0.04932665158  
0.7221991327  
0.7170104285  
0.02927327024  
-0.01473291689  
0.1295769029  
0.1761668286  
0.05135636855  
0.5028075848  
-0.06076702093  
-0.2566003977  
-0.1394929781  
-0.4271825728  
0.5608016229  
0.07016306589  
-0.02504788543  
-0.3312523565  
0.4722495828  
0.482025304  
0.255427864  
0.4705827469  
