1.675911949  
1.74456679  
0.2353068959  
-0.2154302029  
-0.1308832484  
-0.02040085824  
0.08954028785  
-0.1903098743  
-0.02819718773  
-1.055038837  
-0.5793580309  
-0.7902761141  
-0.9424068309  
-0.1654165905  
-0.1295909811  
-0.1676188483  
0.50284099  
0.5040070958  
0.3342723105  
0.4582255401  
0.1879962103  
0.5868919986  
0.005537645588  
-0.2211160868  
-0.05708131939  
0.1604986254  
0.22322578  
0.5292543026  
0.4175470263  
-0.06929823197  
0.1308001788  
-1.179710189  
1.04211202  
-0.003652589886  
-0.6582712508  
-1.151379804  
-0.866942498  
-0.9175225081  
-0.262317112  
-0.01374384604  
0.3353672145  
0.6483746108  
0.3669110654  
0.4068151307  
0.154080894  
0.1052568865  
-0.443518605  
-0.9101969888  
0.8287926091  
0.06572470539  
-0.6700425226  
-0.6477703164  
-0.03408653266  
-0.03676896366  
0.4449124646  
-0.1932181928  
0.8947120874  
0.2358637302  
-0.533146052  
-0.2671430636  
-0.2713827045  
-0.2639895005  
-0.2514655004  
0.1104064238  
-0.4619137923  
-0.318321946  
-0.8025903239  
-0.2099828912  
0.5423819225  
0.6784230335  
0.6721700228  
-0.2779959043  
