1.133631904  
0.6035382144  
-0.4720747487  
-0.1604581436  
0.01152185213  
-0.74153667  
-0.3356903478  
-0.3606499191  
0.2141230146  
0.3952091689  
0.8603440757  
0.03885593716  
-0.1830137105  
0.4304243281  
-0.6350349658  
0.0910022894  
-0.3492275407  
0.687912661  
0.1030156011  
-0.3841551058  
-0.09184536732  
0.2093098625  
-0.05516783854  
-0.1788452935  
0.9982679  
-0.01211560243  
-0.582596497  
0.1416456319  
-0.006481808267  
0.4298141954  
-0.1258362936  
-0.2291525445  
-0.04822803764  
0.5455903964  
0.25363637  
-0.3230494292  
-0.198252562  
0.7835089611  
1.007883353  
-0.06867524648  
0.1209411843  
0.4007356324  
-0.1071040407  
-0.4106812738  
-0.9893909042  
-1.152053549  
-0.03933198534  
0.2250639482  
0.001403321782  
0.03850206596  
0.4396927089  
-0.5336800939  
-0.3130486057  
-0.09697280236  
-0.04848477705  
-0.02127319496  
0.7661648738  
0.4545572555  
-0.09975093721  
0.08323065309  
0.5339071308  
1.114135088  
-0.120549907  
-1.140464909  
-0.5648770791  
-0.6693312871  
-0.2479527691  
-0.4236216339  
0.6090425374  
1.008477408  
0.2103509738  
-0.06160802335  
