0.8079491589  
0.3283371911  
0.1492284527  
-0.09069220312  
0.1501925675  
0.382400264  
0.09102784769  
0.02843567497  
0.4721162404  
0.784244644  
0.7040924097  
0.2076846463  
0.1690279252  
0.6570035725  
0.5161296111  
0.1694956947  
0.6880222257  
0.8364703064  
0.3894854722  
0.1268876995  
0.3572914418  
0.07360422972  
0.2450980065  
0.1594235877  
0.08951601794  
-0.1443714651  
0.1730403083  
0.2030372627  
0.4404610516  
0.3061291065  
0.4057998956  
-0.08193173463  
0.7025846182  
0.4979748023  
0.826890834  
0.8286841475  
0.6990778112  
0.3159505621  
0.1363518835  
0.06109254686  
0.5097056834  
0.8825718276  
0.5245903699  
0.3565999378  
-0.08082871901  
-0.107494271  
0.4010622858  
0.2484630131  
-0.09970689111  
-0.1275145756  
0.1853360404  
0.525850472  
0.6000979224  
0.5541961826  
0.6104244917  
0.7486167171  
0.8633657432  
0.005680277371  
0.2058295368  
0.2521022979  
0.2870814334  
-0.04651033395  
-0.3571678428  
-0.126556333  
0.6565171529  
0.8104334611  
0.3233341048  
0.2565647346  
-0.06608900239  
0.244398872  
0.7104847734  
0.4493860381  
