0.645779639  
0.2497398814  
0.4686341071  
0.5531769921  
0.5767984699  
0.192532905  
0.07320919846  
0.5841981444  
0.02149868215  
0.06543637858  
0.3935693846  
0.2214408701  
0.07347904679  
0.3460874518  
0.6682121827  
0.2800002171  
0.481494869  
0.8775861703  
0.2783378918  
0.7148034995  
0.5078117358  
0.06660643181  
-0.002617045277  
0.6219142515  
0.2710456757  
0.369505639  
-0.1010830396  
0.1704028454  
0.2626701518  
0.7131375549  
0.7907758463  
0.5158016854  
0.8001782833  
0.6641320528  
0.3796645383  
0.1880829606  
0.08120104128  
0.4966474461  
0.3405788162  
0.1815860732  
0.5479346072  
0.7677508327  
0.8644159011  
0.6029540222  
0.9351712844  
0.9026575481  
0.7478216352  
0.7132172472  
0.09607628415  
0.2604657628  
-0.120813346  
-0.04645876072  
-0.1544545927  
-0.07935953668  
0.3022649372  
0.3312260345  
0.575014476  
0.4829209093  
0.5776525199  
0.7942454547  
0.1982581799  
0.2487769989  
0.3761733703  
0.4448078  
0.5823998549  
0.03197028236  
0.1730421213  
0.43590881  
0.2145776616  
0.3771242159  
0.8262525296  
0.6797474541  
