-0.3756303819  
-0.7639153913  
0.07059173521  
0.3702340771  
-0.06448279282  
-0.08105219303  
0.039034816  
0.5032387556  
0.1806932166  
0.09059486734  
0.4450385149  
0.4364046062  
0.501250718  
0.5146535478  
0.8008346115  
0.3129824055  
-0.01759332623  
0.2678030177  
0.06002410148  
-0.32481478  
-0.6575828344  
-0.8488995085  
-0.4976928046  
-0.2800480148  
-0.113986047  
0.3189227515  
0.4695083836  
0.2428742035  
0.4540591514  
0.21799542  
-0.2586597734  
-0.8102857361  
0.6049232991  
0.6114381701  
0.4915401449  
0.1250750654  
0.03191302011  
0.228582801  
0.7991038741  
0.7131993929  
-0.4830085187  
0.1287628012  
-0.1376400962  
-0.6892973089  
0.1250280106  
0.3742905161  
-0.4765954513  
-0.2704633216  
0.4761333387  
0.2659143045  
-0.4197469267  
0.001985623452  
0.6289315145  
0.8299932605  
0.7627596181  
0.296120207  
-0.08688174188  
-0.4116669959  
-0.01750289453  
0.7082542377  
0.2869068226  
-0.2276690638  
-0.228257333  
0.510271997  
-1.166972049  
-0.1235454458  
-0.4629894177  
0.5152460281  
0.3705208356  
1.071928449  
0.9731953564  
0.2117684103  
