0.4759878957  
0.387877311  
0.3450319326  
0.4328362943  
-0.05087126439  
0.191564229  
0.03252904431  
-0.3198154107  
-0.3666754377  
0.01269304595  
0.1507524793  
0.4845306895  
0.206156872  
-0.2741068867  
-0.389378272  
-0.3915297964  
-0.1748128543  
0.06281887701  
0.3083738631  
-0.08728188159  
-0.2838344999  
0.5794365171  
1.006215884  
0.6332892068  
0.5049026472  
0.6976585002  
0.6523873884  
0.196975078  
-0.07138168361  
0.1774772845  
0.1168832358  
-0.3830701702  
-0.1600402774  
-0.3506325513  
-0.4580039352  
-0.3166578618  
-0.313362521  
0.170858064  
0.1365552592  
0.04388375835  
0.4349579292  
1.309367763  
0.3140388338  
0.09671569772  
0.7218458998  
0.5011263301  
0.1819901765  
-0.1043923662  
0.6348992486  
0.07513584393  
0.2643349177  
0.3079578133  
0.3736034851  
0.0315279043  
0.04617379684  
-0.009657583346  
-0.1741243108  
-0.1329854052  
0.2828527114  
-0.5058331827  
-0.06964346205  
0.9733230997  
1.011500545  
0.4589986617  
0.07480833346  
0.5532566501  
1.034308838  
0.1941901404  
-0.6441186723  
-0.5599855136  
-0.6417287796  
0.6145439658  
