1.461545547  
0.8983442944  
0.6487798578  
0.2210386395  
-0.007452349718  
0.2921624447  
-0.1012281152  
-0.4534657371  
0.8504731097  
0.4195385975  
0.5004059863  
-0.07384742975  
-0.02846181951  
-0.1086636674  
-0.04344972184  
0.7078383224  
0.3758206009  
0.4275481195  
0.4946276642  
0.1727311682  
0.5263461143  
0.8224133944  
0.5108583932  
0.9442061063  
0.3318483794  
0.4445034266  
-0.03594498589  
-0.1331240105  
0.04771606782  
0.09773208912  
-0.0654363373  
-0.1165471515  
0.1695499133  
0.7436137816  
0.5742167895  
0.2311698987  
0.43336686  
0.7335036661  
0.3096904506  
0.294992232  
0.6482562136  
1.527347237  
1.75670478  
0.01157360387  
0.2397348314  
0.2112390566  
-0.2696109368  
0.1239728326  
0.5550873262  
0.3111463653  
0.1384827024  
0.05339717428  
0.06187326895  
0.4195483488  
0.2878477475  
0.07927594988  
-0.000810429993  
0.5055321838  
1.149128561  
0.1976830314  
0.03427461567  
0.8055455666  
0.2495706695  
0.3586068373  
0.6281450298  
0.8969733621  
0.9428456473  
0.1478139698  
-0.2459671167  
-0.6203784428  
-0.707396346  
0.04703990521  
