1.535149794  
0.8052490299  
0.2823056339  
-0.03602908728  
0.9772600555  
0.9578296134  
0.4826528606  
-0.2591105323  
1.005349622  
-0.2868006394  
-0.1157632952  
-0.5412843211  
-0.5129993719  
-0.111244612  
0.1906008128  
0.08819620591  
0.4391556653  
0.7216695786  
0.1286896132  
0.850970969  
1.698701749  
0.6757928388  
1.350592646  
1.474250992  
0.9981642216  
0.6655309965  
-0.01357240063  
-0.2831919789  
-0.5921590697  
-0.3415343623  
-0.1099396489  
0.09251921342  
0.5258285697  
-0.03374416263  
-0.205052145  
0.3631002401  
0.08317049946  
0.5783543787  
1.235657481  
1.195029693  
0.7762310983  
0.2909044982  
1.042784679  
0.4710181871  
0.2448578089  
0.9580182331  
0.1132982081  
-0.6016604221  
0.6347554291  
0.3278098621  
0.4386933309  
-0.2603041514  
-0.1108913766  
0.3508608505  
0.2247616036  
0.3220740527  
0.3816808494  
0.4432564522  
0.5009529285  
0.3882768358  
0.6697061302  
0.04187217134  
0.08935399265  
0.4165411006  
0.9601464203  
0.9972567464  
0.9803205274  
0.5513673166  
0.1878950992  
0.184102985  
-0.2514450342  
-0.3102551594  
