0.4052166276  
-0.6081435614  
-0.7110100293  
-0.7240303019  
-0.4944606239  
-0.09268078232  
0.2469908225  
0.06372831266  
0.199880972  
0.4130580588  
0.2185795698  
0.4955937515  
0.7032037947  
-0.5762001515  
-0.4989108198  
-0.4155670262  
-0.4754802716  
0.1187052591  
0.1587481584  
-0.3535436722  
-0.2045323959  
0.09975438658  
-0.3282470475  
-0.2815964644  
-0.04357729085  
0.2313732081  
0.1024215594  
-0.4728582838  
-0.5621935076  
0.1179525965  
0.0688565795  
0.1897092218  
-0.04119663426  
-0.02222670697  
-0.5379754314  
-0.4031329409  
0.4243049045  
0.1016857386  
0.005381452336  
0.1939379757  
-0.3923981865  
1.311864086  
1.302172037  
-0.9108129647  
0.2361730606  
-0.07155177272  
-0.6005102409  
-0.3756021675  
-0.3604005051  
-0.4766727496  
-0.4973412707  
-0.04354913893  
-0.2129053797  
-0.08937959559  
0.1145977493  
-0.1832038652  
-0.4899753465  
0.3127446222  
0.8594108445  
-0.04302176603  
-0.6598750725  
0.02819114624  
0.09864749593  
0.01772761345  
-0.4186457121  
-0.06985206197  
0.6073030098  
-0.06505942334  
-0.8740413479  
-1.109923931  
-1.354412967  
-0.3918252576  
