0.06667274006  
-0.6173892064  
0.1966711005  
0.7767339702  
0.3257689318  
0.2941336957  
0.4085180334  
-0.1724555793  
-0.1760747632  
0.5869463615  
0.5811981292  
-0.2120052762  
-0.06553015057  
0.06918916185  
0.704731886  
-0.4862567755  
0.2943275653  
0.9629112524  
0.5457150179  
-0.01213226705  
-0.4909654999  
-0.1642258483  
0.2987935434  
-0.08741447879  
0.0008543094032  
0.2716805928  
0.3522724924  
-0.1605937944  
0.04329361181  
-0.2166188281  
-0.6612879638  
-0.4373710726  
1.586843878  
0.7728037686  
0.2318041081  
-0.577524476  
-0.3839235894  
0.04457329459  
0.7636109862  
0.2044454776  
0.5016190396  
-0.1579059777  
0.2723697949  
-0.5792754148  
-0.157552236  
-0.1041416981  
-0.2441444068  
-0.4107520507  
0.2263494849  
-0.03270483751  
0.2119903868  
0.2175566095  
0.8722792125  
0.7301630724  
-0.2677238536  
-0.3771579148  
-0.9528960991  
-0.3822117992  
0.8579410457  
0.4615822085  
0.2873686191  
0.1369308482  
0.2563658892  
-0.004500300084  
0.6337205771  
0.02242126335  
-0.7149600366  
-0.4661928017  
-0.1550547235  
-0.1928815067  
0.1605196987  
0.151115434  
