0.5435636316  
-0.1830579488  
0.2436177778  
1.014182492  
0.7677752898  
0.1659017125  
0.1278481677  
-0.2951837071  
0.6138767377  
0.3971688104  
0.8759180872  
0.7561521052  
0.1723233417  
-0.2208937584  
-0.05408005591  
0.06170137702  
0.8282872  
0.3916213423  
0.4296591698  
0.5021786913  
0.2268708334  
0.02011637969  
0.2044528102  
0.3222449153  
0.8665399045  
0.5207122872  
0.9277367137  
0.6880149244  
0.3334902898  
0.09489561132  
-0.1393957562  
-0.1630375497  
0.9148680909  
0.7135834411  
0.2761968797  
0.1850784367  
-0.053244179  
0.2242043037  
0.7485886904  
0.412374319  
0.8010361838  
0.4239226548  
0.2345326481  
0.2394973424  
0.607734153  
0.3953953886  
0.3131474726  
0.3659957505  
0.8593585935  
0.239259415  
0.289789694  
0.6021988979  
0.7967316196  
0.4924818064  
0.4770767932  
-0.1089002624  
0.6251054837  
0.2630837879  
0.6452171114  
0.4966860727  
-0.3335361666  
-0.3469738509  
0.01426806838  
0.6955475846  
0.8917292501  
0.7565910067  
-0.01755021123  
0.3580914481  
0.4338950661  
0.0002714566945  
0.332496128  
0.4907176089  
