0.04092954604  
-0.05839734917  
0.558926155  
0.5274874303  
-0.5864321181  
-0.6897865561  
0.2660399768  
-0.3732216186  
0.5685646765  
0.8985246774  
1.284593019  
-0.13992428  
-0.04284696614  
-0.06066811477  
0.268569751  
0.07455672088  
-0.2289089841  
0.08107348218  
0.46025058  
-0.004249820192  
-0.05128323208  
0.2236645518  
0.3489660054  
-0.3065396437  
0.05347908857  
0.6374278405  
-0.2288412274  
-0.3515873722  
-0.7012952799  
-0.1037985507  
0.9849473324  
1.929437463  
-0.8404853097  
-0.9280472433  
-0.0808323908  
1.559600149  
1.461488815  
-0.8697136406  
-1.583831417  
-1.255927876  
1.102973108  
0.7652379061  
1.075857877  
0.8288604354  
0.3341919276  
-0.04698643476  
0.8010741519  
0.4428382637  
-0.01517469887  
0.1912400562  
0.3274889117  
0.2766022766  
-0.6643939732  
-1.283651612  
-1.023805884  
0.1203509624  
1.075021747  
0.5323097043  
0.2041825562  
0.00763943811  
0.2493312027  
-0.3082322285  
0.6582943778  
0.4882717525  
0.2653781858  
0.5158159278  
1.183449504  
1.34372255  
0.8678411928  
-0.8344583509  
-1.324942378  
-0.8683402946  
