0.2133482755  
-0.1382446674  
0.03400865692  
-0.007399418195  
-0.07833689863  
0.1413314102  
0.5039863879  
0.3872972935  
0.207895636  
0.3487341901  
0.4256244678  
0.1552271845  
0.117463492  
-0.4848426199  
-0.3182002478  
-0.4251424855  
0.1659131776  
0.7033330277  
0.9730817189  
0.7142542183  
0.2194232509  
0.08868355657  
0.1705659056  
0.1919598148  
-0.2101666807  
0.07616687546  
0.5709075633  
0.2871639503  
0.1414752493  
-0.1368864383  
-0.2692498786  
-0.05545636423  
0.6217743667  
0.7785169582  
0.2277299634  
-0.2325781812  
-0.2095075073  
-0.01650028705  
0.5982471036  
-0.1037981941  
0.2123397616  
0.5190780833  
0.8144169442  
0.4960695181  
0.4268964571  
0.2928980358  
0.4506187829  
0.1390893624  
0.2100156642  
-0.03329043835  
-0.2273875651  
-0.5480584613  
0.1568429254  
0.6257219619  
0.3840867987  
-0.4440228868  
-0.1617480156  
-0.2766128427  
0.5765845878  
0.4182212781  
0.08275933368  
0.3670481475  
0.5124728629  
0.9736606621  
0.2277434304  
0.3423917448  
-0.3486564813  
-0.1770733798  
-0.1249567488  
0.1116755519  
0.246829794  
-0.1967121114  
