0.7002979965  
0.7843087003  
0.8777822386  
0.1966221318  
0.1086258239  
0.5599070074  
0.5918278724  
0.2471295459  
0.3818856335  
0.6548303203  
0.8070612588  
0.8205245534  
0.3757548163  
0.4565154302  
0.241278789  
0.4975939642  
0.4503731267  
0.3265939892  
0.2843735074  
0.4174770306  
0.2161713999  
0.3455526522  
0.2328095608  
0.4417352756  
0.9288163563  
0.9452136802  
0.9288128785  
-0.03108616295  
-0.179075448  
0.3241424758  
0.419516665  
-0.06948694345  
1.118170134  
1.018901015  
0.8285168891  
0.6037128133  
0.2912087652  
-0.02405809906  
-0.007781252013  
0.6331023347  
0.4571739264  
0.865293768  
0.8892993943  
0.3747273242  
0.7776999979  
0.7393806551  
0.1428035412  
0.02412789683  
0.6272155553  
0.3290707844  
0.6604095015  
0.5200383681  
0.4589153168  
0.4157728125  
0.2795925171  
0.4015194922  
0.3515117073  
0.2736362161  
1.014784281  
0.5228518635  
-0.1115340502  
0.6701030188  
0.8102019473  
0.7461393763  
0.3827643664  
0.7042666743  
0.8404639713  
0.5375115437  
0.4105372957  
-0.1367854132  
-0.1420829764  
0.1193647394  
