-0.3161628061  
-0.4977403762  
-0.1869975136  
0.3947382146  
-0.1464108127  
0.1468802599  
0.3745498461  
0.2452933975  
-0.2561383581  
-0.4386118573  
-0.6153273081  
-0.4807634491  
-0.05634628334  
0.509104175  
0.422660261  
0.2368033779  
-0.5022224784  
-0.3252753294  
-0.9086365508  
-0.27848327  
-0.2467704501  
-0.7106692993  
-0.4532847082  
-0.1623093527  
0.02449723907  
-0.02451642152  
-0.03462643886  
-0.5251653751  
-0.5682806561  
-0.3424069144  
-0.4534197201  
-0.2036786398  
-0.1190493538  
0.178580674  
0.603534794  
-0.5594250005  
-0.8751296091  
-0.4387050331  
-0.6488179204  
-0.9442357644  
0.08833518075  
0.3244644522  
0.3551846758  
-0.4717753686  
-0.6997123012  
-0.9009355769  
-0.811043588  
-1.330779338  
-0.01504891856  
-0.155112109  
0.4458530722  
-0.01981530182  
-0.1096621417  
-0.1507058895  
-0.3488579992  
-0.3333059796  
-0.06526400365  
-0.4157171112  
-0.2951514148  
-0.2253534196  
-0.6321707662  
-0.7413457311  
-0.8962037481  
-0.7115867852  
0.1896585265  
0.09276861423  
0.2794346554  
-0.723476227  
-0.918374747  
-0.01047297381  
0.007665901396  
-0.1265570871  
