-1.138192247  
0.06395516319  
0.4287177811  
0.3438529104  
0.1250255829  
0.3995763828  
0.4812271171  
0.6130258834  
-0.2902763471  
-0.1578989559  
0.7680525744  
0.9640194051  
-0.5729875704  
-0.7460534524  
-0.1157786156  
0.06901153157  
0.1095163244  
-0.167792593  
-0.05692407704  
0.3925314469  
0.2250678331  
0.1346175405  
-0.06787657887  
-0.1528857909  
0.6119133468  
0.6308673068  
0.485519869  
-0.01690227215  
0.06616421669  
-0.1593604582  
-0.06328529776  
-0.3646824666  
-0.09031042672  
0.3750303395  
0.1120986144  
-0.6136484129  
-0.6000138996  
0.7038368488  
0.8873534477  
0.337727038  
0.437897627  
0.1459573952  
0.1725667133  
0.4682479213  
-0.1085547706  
0.12345795  
0.2517334622  
0.2273134437  
-0.2855114002  
-0.3176509901  
-0.02948471563  
-0.2247786  
0.1734029285  
-0.05387940238  
-0.4728800351  
-0.1507352956  
0.742212819  
0.2801391443  
-0.1979246808  
0.1835843365  
0.3647609491  
0.7685524094  
1.415633974  
0.1994419019  
-0.1203503444  
-0.3754169461  
0.09901504277  
0.0274851163  
-0.2224518536  
0.1536735613  
-0.5253469372  
-0.4242284325  
