-0.08570743861  
0.2605870457  
0.4612150142  
0.4042076651  
0.8964429154  
0.5937594368  
0.3829202012  
0.4359764298  
0.266329736  
0.261744056  
0.2871870229  
0.3544895926  
0.5590388141  
0.8201485216  
0.6556534567  
0.01896678909  
0.6110381826  
0.5472452818  
0.200907985  
0.2118074655  
0.2149710387  
-0.2041868991  
-0.1764060608  
-0.4093927209  
0.3374036928  
0.3832602173  
0.3834003258  
0.08540177591  
0.3300774725  
0.5280776911  
0.8086268479  
0.4223040116  
0.4225648698  
0.2313397464  
-0.08278247158  
0.07961931631  
0.2288215701  
-0.1221568673  
0.2945247152  
0.7436309307  
1.258782739  
0.6878804438  
0.6335438181  
0.449702894  
0.1180857024  
-0.1027480442  
0.03390648337  
0.3802312145  
0.4276558506  
0.08365311926  
-0.2268278726  
0.06639699733  
0.2674150346  
0.6044120034  
0.08832191559  
0.05214712263  
0.2600986788  
0.7807687313  
1.684561055  
0.8498283831  
-0.08973496285  
0.4122817429  
0.7104943808  
0.2705856538  
0.1354882282  
-0.005228423465  
-0.02175179826  
0.08106689423  
0.1723994554  
0.1316177871  
0.3356698722  
0.4572592206  
