-0.8780809902  
-1.522676455  
-0.6000705216  
-0.1704854074  
0.435564172  
0.5550089216  
0.3459044552  
0.03032020872  
-1.098138213  
-0.1985902899  
0.5195971608  
0.571829989  
0.1354307953  
-0.02596734655  
0.2496340936  
0.01149225005  
-0.01204406985  
-0.4842885027  
-0.9207084065  
-0.07525225969  
0.1960452183  
-0.0667769625  
-0.2252807632  
-0.2507989403  
-0.7119823052  
-0.3557400385  
-0.394642065  
-0.9864771433  
-0.3527269818  
-0.3232751755  
-0.246306713  
-0.3808393814  
0.7207811283  
0.7098059213  
0.1792247283  
-0.1887695203  
-0.3130224238  
0.4570541414  
0.5587555136  
-0.6393265154  
-1.129108672  
0.1458813534  
0.2061423553  
0.01092625226  
-0.5026936181  
-0.8744589581  
-0.7279458885  
-0.6895700256  
-0.6942580113  
-0.5931550121  
-0.07916970595  
0.9075157882  
0.5282094995  
-0.2746433571  
-0.257662369  
0.5458582918  
-0.02993778779  
0.5735552599  
0.5188757478  
-0.3240674994  
-0.6768907185  
-1.007230205  
-1.026197757  
-0.9938240264  
0.4107891694  
0.8191056779  
0.3271925513  
-0.3877314385  
-0.8504689303  
-0.3352806998  
0.3181892651  
-0.04118756147  
