1.283597709  
1.139460807  
1.082204258  
0.2273846459  
-0.1840561826  
-0.04191344016  
0.2857265059  
0.2416385979  
-0.6799369945  
0.208553473  
0.5173017625  
-0.3933613779  
-0.5603530074  
-0.1489438341  
0.4181444606  
0.1288961102  
-0.1090436702  
-0.1873589111  
0.4125463572  
0.5434014668  
0.09215519719  
0.3915378346  
0.9314481321  
0.57915364  
-0.1944661127  
0.4566374696  
0.5938962279  
0.0704015066  
0.1140319017  
0.01009914022  
-0.5760706006  
-0.2550241045  
0.1054289856  
0.1366274635  
0.156395392  
-0.5296661262  
-0.378682602  
-0.1789123596  
-0.1455454068  
-0.4939513789  
-0.05303662613  
0.04326779964  
0.4995894278  
1.040862647  
0.7621395682  
0.2071645507  
-0.3524235407  
-0.0008845650836  
-1.517261464  
-0.9169381908  
0.100496556  
0.674378952  
0.5119335457  
0.8025250858  
0.9526116664  
0.8129631246  
1.106592454  
0.3683679261  
-0.3758716822  
-1.107638707  
-1.029254927  
-1.566242436  
-0.8658597488  
-0.51049328  
-0.9176664317  
-0.1559388889  
0.5831662797  
1.151287326  
0.5640327454  
-0.8842138538  
-0.9378477074  
0.376379464  
