0.6601070062  
-0.3182109605  
-0.356974766  
0.1483990979  
-0.1535564948  
-0.07549736204  
0.5953222253  
0.8577797045  
0.2264226958  
0.3824502011  
0.6235480444  
0.4653981897  
0.4308733625  
0.9383148116  
0.4022529782  
0.483898867  
0.129129016  
0.1551738603  
0.03336589624  
-0.2202820711  
-0.4467115969  
0.120064365  
0.1481653327  
0.1561932118  
0.3244536066  
0.4731716776  
0.1206696982  
-0.3772010057  
-0.187351351  
0.5617619039  
0.5199092033  
0.7086811361  
0.5371520225  
-0.2165048288  
-0.3474118061  
0.05027985919  
0.4508469877  
0.5639453354  
0.5376864655  
0.08089517583  
-0.209876413  
-0.2502976321  
0.4088543624  
0.4612775472  
0.3720752069  
0.1427848388  
0.1572296952  
0.3851716995  
0.7600441662  
-0.06067703929  
-0.09716505895  
-0.4560393413  
-0.1505185665  
0.3187119266  
0.04529072007  
0.07541641384  
0.1601454031  
0.07752598387  
-0.03106847573  
0.2844215535  
0.2660615069  
0.001899717925  
0.6909495045  
0.4433144498  
0.8659525089  
0.4595036927  
0.1671862348  
0.5030253007  
0.3179721383  
0.05657154783  
0.8498948169  
0.365991603  
