-1.663411433  
-0.06262110576  
1.219259627  
1.201262807  
0.4095833129  
-0.0400637898  
-0.3933361941  
-0.03850727614  
0.5330505026  
-0.4513175864  
-0.7834153081  
-0.5205108589  
-0.2521591057  
-0.02101151606  
-0.5640967363  
-0.6522008551  
0.165425428  
0.3911051889  
-0.2365006326  
-0.4175273099  
0.02377052507  
-0.4737536427  
-0.4428512893  
0.03281731015  
0.398718841  
-0.3422534891  
-0.3370941948  
-0.2584282167  
0.07839208743  
0.2936823514  
0.5665351766  
0.8750984601  
-0.4450226084  
-0.5477048135  
-0.4278933186  
-0.8460733629  
-0.6207088222  
0.4262322982  
-0.03405792021  
-0.2390795858  
0.2819492478  
0.8507828923  
0.6190142408  
0.1443983615  
-0.09236908688  
-0.3284598467  
-0.6672780086  
-0.3203250491  
-0.3086650819  
0.7201706866  
0.5275134816  
0.5481623359  
0.3424761195  
-0.2242134762  
-0.4479633921  
0.2344165682  
-0.1687094462  
0.3412741041  
0.62608799  
-0.04082295544  
0.1246065922  
-0.2321476319  
-0.4621722416  
-0.545184297  
-0.2428199661  
-0.3446101627  
-0.1776600436  
-0.4365364062  
-0.9420949082  
0.0786349845  
-0.2691815672  
0.1228232654  
