0.716961648  
0.6441018818  
0.549184475  
-0.5085150866  
-0.5401504907  
-0.219849869  
0.04717258658  
0.01843028582  
0.09442036901  
0.2215094085  
0.0247348174  
-0.7855511182  
-0.7896413271  
-0.4181403697  
0.5307508537  
-0.02665895159  
0.123466932  
0.06415367038  
-0.3137390843  
-0.2225321751  
0.1047632761  
0.2909086941  
-0.1229229502  
-0.09768397057  
-0.3639514672  
-0.2519894192  
-0.1519682613  
-0.005086348735  
-0.3481692197  
0.06301097497  
-0.541122119  
-0.2503606129  
0.06036422892  
0.02696533493  
-0.08675347367  
-0.3405910232  
-0.2486265794  
-0.06720089981  
0.1326031738  
-0.04610532287  
-0.5590760543  
-0.5817475166  
0.3418472455  
0.2943208579  
0.2261019977  
-0.5348858327  
-0.263434582  
-0.1569869161  
-0.5643770884  
-1.033890953  
-0.105415285  
0.09495630351  
0.3908338413  
0.397635092  
-0.3961676392  
-0.2780573837  
0.2772585089  
0.3908243027  
0.2520510677  
0.0539436607  
-0.08033352188  
-0.21806045  
-0.4447562679  
-0.584735192  
-0.4580807844  
-0.7610393881  
-0.4230711259  
-0.4191343553  
0.01928326611  
-0.3362841152  
-0.8950462794  
0.1554485001  
