-0.4585918243  
0.3595787775  
0.2349473948  
0.009686461601  
-0.248280308  
0.08846130055  
1.014614886  
1.366867896  
-0.02938975198  
-0.2800761602  
0.3504421818  
-0.2136248556  
-0.2847736807  
-0.04510966492  
-0.3605030336  
-0.8917792973  
0.4520179796  
-0.1079859494  
0.1448582668  
0.8851871255  
1.159509564  
0.02159289584  
-0.6420254986  
-0.3397104168  
0.4369399222  
-0.3430239276  
-0.18870201  
0.1492805547  
0.5202837422  
0.6093268607  
0.03399515466  
-0.1872301538  
-0.2151740052  
-0.2449239202  
0.5066372779  
0.6885525929  
0.47684664  
0.4820309262  
0.5449063698  
0.6824364732  
0.06665684949  
0.07320108662  
-0.09153686621  
0.5962629206  
0.9634156478  
0.9176165324  
0.1797283309  
-0.2451780874  
-1.046258224  
0.08305587463  
0.304841377  
0.3072798033  
-0.0441622687  
-0.2724798164  
-0.3098679863  
-0.3463491411  
0.6140438855  
0.4001302288  
0.4953926964  
0.562441151  
0.214113448  
0.1213758274  
-0.1376056703  
-0.2324730554  
-0.5893441816  
-0.1327414368  
0.7220898615  
1.040409627  
0.198583851  
-0.5558513701  
-0.3205744983  
0.1791300201  
