-0.5762179874  
0.2308030233  
0.1512333091  
-0.4020092234  
-0.6630653543  
-0.4108260595  
0.005132147356  
-0.5110799448  
-0.3951139372  
-0.1412456002  
-0.5840492841  
-0.427451079  
-0.4795935652  
-0.5277463827  
-0.353354822  
0.0754529471  
0.1236724548  
-0.2849827415  
-0.7150433897  
-0.9388019443  
-0.339923705  
-0.437180532  
-0.3316879923  
0.03335266286  
-0.5655101036  
-1.05846044  
-0.8859283422  
-0.01213131139  
-0.3873372954  
-0.5061139394  
-0.9771353708  
-0.831016257  
0.3005588746  
-0.09962375521  
-0.5986585005  
-0.6028108165  
-0.4763238503  
0.447326948  
0.6798658983  
0.02123079449  
-0.7067344432  
-0.3750640683  
-0.3801647448  
0.01071330983  
-0.6696860578  
-1.013512431  
-0.6816840187  
-0.478078439  
0.2984079964  
-0.5628335766  
-1.23261228  
-0.8039939009  
-0.4405544326  
0.1686912997  
0.1493429306  
-0.1988241998  
0.5186513333  
-0.03705787982  
-0.4683547251  
-0.1806190559  
-0.7954061676  
-0.8506281361  
-0.6548668091  
-0.8566604833  
-0.5174335781  
0.7943475976  
0.5928406472  
-0.6354924733  
-0.9557469851  
-0.04722416499  
-0.1965807686  
-0.2431501111  
