-0.8826549257  
0.2266374191  
0.652246954  
0.7785690744  
0.2528641045  
0.5312741197  
-0.004717435492  
-0.02810760587  
-0.09711534569  
0.212667879  
-0.06693594471  
-0.0761976296  
-0.02306326753  
-0.4972674223  
-0.3466012658  
0.001123434349  
0.03132423597  
-0.1653520751  
-0.09385634684  
-0.3671649377  
-0.1856372619  
0.3138964935  
0.4293609011  
0.3420660962  
0.1662033102  
0.5982871714  
0.5779549125  
-0.05696808537  
0.2263312661  
-0.1257483367  
0.1027851355  
-0.2825629776  
-0.1329022817  
-0.1331658646  
0.2669997937  
0.1078295796  
0.3798777906  
0.4134366299  
-0.08265687937  
0.02312221025  
-0.05641389834  
-0.03133180973  
-0.2791762515  
-0.2883064278  
-0.3350330925  
-0.166862829  
0.8952004086  
0.6833532288  
0.4365799366  
0.2442880292  
-0.197136076  
-0.3450483552  
0.1086426609  
-0.1919477602  
0.2658390512  
0.3098412274  
-0.02166692677  
0.3743709467  
0.4462035346  
0.4691315049  
0.4757440545  
-0.04013050504  
-0.6305169067  
-0.2001938286  
-0.3912554181  
-0.3600724532  
-0.5612187582  
-0.2384069107  
0.3057502865  
0.5428959504  
-0.2460458804  
-0.1573152675  
