-0.2121690184  
-0.07651037382  
0.5185688946  
0.409948554  
-0.2281391217  
0.07539203371  
0.2038573733  
-0.2461076924  
-0.2161134305  
-0.03646562807  
0.1788717124  
0.03988997913  
-0.01041734487  
-0.2814129458  
0.1559367088  
0.3676604348  
0.1532797386  
-0.05884253763  
0.06696747008  
-0.0844744091  
-0.6621445584  
-0.4138513043  
-0.6925835288  
-0.7617861464  
0.4259236813  
-0.1011702959  
0.3025884726  
0.2844321375  
-0.4390974828  
0.461581288  
0.8232342987  
-0.3390891191  
-0.2465073498  
-0.7476713725  
-0.08360780207  
0.09690274377  
0.8482309049  
0.357097395  
-0.1830663124  
-0.1795417725  
0.7071487143  
-0.01478550211  
-0.1719719957  
0.2053723247  
0.7331483437  
0.06751897625  
-0.315703882  
-0.2345312071  
0.05807408063  
-0.2406331914  
-0.1164119495  
-0.4494757703  
-0.314692371  
0.1138178557  
0.03899804414  
0.1450520079  
0.1719989165  
0.3836910176  
0.08454218193  
-0.1968737617  
-0.2078653962  
0.1831562574  
0.2748961497  
-0.1734204045  
-0.1818448724  
0.2244086895  
0.05434580383  
0.129998509  
0.1740154277  
0.4196278621  
0.1256013254  
0.01610524521  
