-0.03598668485  
0.1078346351  
0.501795765  
0.4440152836  
0.1511848219  
0.7453248487  
0.785021664  
0.289726988  
0.6018704752  
0.474943346  
0.529022325  
0.08570423801  
-0.2899561734  
0.03089800291  
0.2645050281  
0.4718923412  
0.2512847283  
0.704284667  
0.669005277  
0.3689952073  
0.1944896073  
0.1012656908  
-0.1743409993  
-0.2647858981  
0.3324412194  
0.2037069754  
0.6487004738  
-0.05702759919  
-0.4294578008  
0.145380427  
1.335148833  
0.3532707958  
0.3479676392  
0.2431623489  
1.100322675  
0.7442526664  
0.5722273688  
0.05857439516  
-0.2523940398  
0.1742268515  
-0.11114723  
0.4885239609  
0.4790242647  
0.2214691567  
0.6267247698  
0.4882808879  
-0.05523562111  
0.08158146411  
0.08210089646  
-0.09865495808  
0.6382293344  
0.3880982347  
0.8921637404  
0.2627182864  
-0.7267222197  
-0.1117807945  
1.044035716  
0.7005649395  
0.3740438498  
0.06858796698  
0.1344628487  
0.400789934  
0.1197675276  
-0.2336914232  
-0.04766974873  
0.07614726096  
0.2152694504  
0.4104618626  
0.2819735046  
0.4795282539  
0.2838143697  
0.2216514358  
