0.2839343991  
0.3106996982  
0.1727485847  
0.1115154798  
0.1028300331  
0.1954599344  
0.3240248899  
0.4627405894  
0.1537575737  
-0.3086774313  
-0.1582988703  
0.374665468  
0.1057370345  
0.09962496194  
0.3463301395  
0.1724466001  
0.2580111002  
0.2088283308  
0.3130995756  
0.2129747758  
0.3241263335  
0.1609321703  
-0.1320843448  
-0.0618076372  
0.4157556785  
0.1359712331  
0.1044498067  
0.3501033106  
0.2780476848  
0.08525363154  
0.3137004954  
0.6981890458  
0.1951986678  
-0.04010426838  
0.04035921472  
-0.1187499655  
0.1812024432  
0.2376213781  
0.1562823368  
0.4486666865  
0.1452517091  
-0.1019624793  
-0.2537967705  
-0.01350652009  
0.2338267508  
0.2999822759  
0.2464904717  
0.2772349534  
0.1848953712  
-0.1216539857  
0.3256459535  
0.4087865833  
-0.01421173185  
0.1525842461  
-0.1125699796  
0.1989603859  
0.4131282431  
0.0150777614  
0.04864317381  
0.4902819863  
0.246649863  
0.03526742059  
-0.07949844338  
-0.1590222752  
0.407050074  
0.230282826  
0.3361848301  
0.3774347974  
0.1976846773  
0.1078734241  
-0.02360824352  
-0.08262362197  
