-0.2975850895  
0.5046594183  
0.6421979546  
0.7651095379  
0.9982024325  
1.153058843  
0.03795179514  
0.1361632249  
-0.09347399167  
0.1448901155  
0.1579831546  
-0.07172160353  
-0.07581228233  
-0.3994729004  
0.02702671584  
0.5942484456  
0.5272862713  
0.7792776745  
0.3230666542  
-0.4587377566  
0.2359470635  
0.5297936083  
0.77435274  
0.5308006644  
0.1610199836  
0.3161928173  
0.2794215267  
-0.0340316279  
0.1955193404  
0.06688956965  
0.04776929417  
0.2851540764  
0.07474153097  
0.2960770119  
0.5784075393  
0.5117061519  
0.5860933577  
0.3938004314  
-0.4371695956  
-0.256681865  
0.2546046393  
0.4266513688  
0.12486131  
0.4669014453  
0.9468206601  
1.179001618  
0.7467040773  
-0.2746937683  
0.6645867973  
0.0690503791  
-0.5809494316  
0.03622891005  
0.3363523434  
-0.1436949361  
-0.08825034325  
0.154905781  
0.3877794878  
0.9793193351  
0.6304464466  
-0.5003701323  
-0.4384096081  
0.433844708  
0.02137811139  
0.6313820555  
0.216104916  
0.4435097332  
0.573384588  
0.3988225171  
0.4559054422  
0.1446805244  
-0.1014483707  
-0.1050586357  
