-0.2893421425  
0.1227729844  
0.1908770087  
0.6786488794  
0.4189918151  
-0.4361345193  
-1.202915634  
-0.2972280052  
-0.9140167257  
-0.1975261912  
-0.02547976316  
-0.008202718277  
-0.001484989513  
-0.3965652965  
-0.8746174143  
-0.8131557599  
-0.7608768371  
0.2468513709  
0.4462767083  
0.4908020941  
0.1190714322  
-0.2638938328  
0.05960272066  
0.5230070635  
-0.4600030146  
-0.2935057186  
-0.1368450452  
-0.03557696017  
-0.1715748865  
-0.233204511  
-0.4065246031  
-0.6698381734  
-0.8166651839  
-0.33919721  
0.1284568559  
0.3463480379  
0.07873310864  
0.3465854355  
0.3783271418  
0.3518851936  
-0.6446159325  
-0.7310580742  
-0.3544870401  
-0.1773948863  
0.2123919651  
0.9030386248  
-0.2234127499  
-0.5380182968  
-0.5862860016  
-0.04185229777  
-0.2476400827  
-0.04835854628  
0.02512476074  
0.6072352807  
0.005116849059  
-0.411626098  
-0.06420343727  
-0.009601984271  
0.1454647241  
-0.346306937  
-0.3836532029  
-0.01251958472  
-0.08815425674  
0.1941193331  
-0.3365079723  
-0.4287268511  
-0.1171822954  
-0.3668658974  
-0.4041687362  
-0.3346590039  
-0.3962987616  
-0.3316778274  
