0.2557119922  
0.1041160388  
0.4233188229  
0.6757658857  
0.2380122579  
0.1189565853  
-0.2107725523  
-0.02638853793  
-0.2844950835  
-0.088130633  
0.2854042007  
0.4701767284  
0.119695262  
0.1402637253  
-0.06853378643  
0.1280558177  
0.3525442832  
0.2684221851  
0.3127982225  
0.2408524332  
0.1291063746  
-0.1138474119  
-0.1645673178  
0.4562019446  
0.2452225726  
0.2026969009  
0.2398276508  
0.3962643671  
0.09623164319  
-0.09724892505  
0.1031711394  
0.1340529166  
0.3492385884  
0.3031124234  
0.2626999218  
0.1675434453  
-0.1356318931  
0.1882031968  
0.3084570954  
0.2674342066  
0.3305388594  
0.04326289067  
-0.02764490972  
0.2814251339  
0.2434531449  
0.4410267403  
0.02132670389  
-0.1781862565  
0.021631551  
0.1770794453  
0.4796395476  
0.2231228211  
0.3194960173  
0.05817803202  
-0.05194952677  
0.1087463484  
0.2843775714  
-0.01990299237  
-0.05773679363  
-0.01510791531  
0.1121968136  
0.1002133436  
0.06894108021  
0.2206082329  
0.3380511286  
0.03807809447  
0.3795484441  
0.3102714204  
0.3464162625  
0.06382800479  
-0.1170823009  
0.03716585733  
