0.68969275  
0.04146727939  
0.2568042298  
0.7407960135  
0.008003869339  
-0.01341659164  
0.6097542816  
0.5240714323  
1.269897315  
0.545174223  
-0.03588807308  
0.2116363911  
-0.06802825473  
0.1582990514  
0.2429781299  
-0.3004295055  
0.3054636516  
0.8807957388  
0.7732682416  
0.1434926634  
0.2509085914  
-0.0929740359  
0.1784700618  
0.2244288571  
1.298141445  
0.1946593957  
0.4167143385  
0.157228564  
0.1360865208  
0.5338879547  
0.8333143255  
1.791886583  
-0.6103538811  
0.0392297522  
0.5650553669  
1.323768664  
1.166137298  
-0.03046456633  
-0.3575564634  
0.1698324187  
0.2389661395  
0.8169602522  
0.5219692129  
0.711562016  
0.4543081481  
0.7001658917  
0.6783976857  
0.2524793751  
0.3101424698  
0.9995913623  
1.323600717  
0.1664633385  
-0.1180105719  
0.0006562490997  
-0.3576118158  
0.4124701945  
0.7269998177  
0.2652553292  
0.4756984477  
0.4128326531  
0.743871641  
0.7623062406  
0.1429108969  
-0.1344168931  
0.603471827  
0.5581785724  
0.6341943623  
0.4638884886  
0.5784061322  
0.5473105637  
0.3390272977  
0.1968176105  
