0.07931648043  
-0.4026071315  
-0.3737825035  
-0.1299230953  
-0.02359953273  
-0.5697861099  
-0.7606985254  
-0.6152019034  
0.4542783249  
-0.002423564168  
0.06167308437  
0.1764071479  
0.008232152237  
0.1538134373  
-0.2127158634  
-0.5469932114  
-0.06719372392  
-0.1367666583  
-0.3488755844  
0.1382864844  
0.1738167219  
0.02026040281  
-0.5527429229  
-0.9050165836  
-0.0994413522  
-0.1397540128  
0.08862947006  
-0.4662811846  
-0.5837492757  
-0.1356990497  
0.6405551698  
0.02661907291  
-0.2693662085  
-0.5263415485  
0.2987996979  
-0.3919229004  
-0.2493170406  
-0.5992919579  
-0.148752508  
0.1389011586  
-1.080096421  
-0.59189174  
0.02427953344  
-0.2118680129  
-0.2532361322  
0.1056065477  
-0.1385785826  
-0.2254168829  
-0.08821380883  
-0.4045763508  
0.2512896277  
0.4030458815  
0.2825300239  
0.5357616512  
-0.2942168464  
-0.4784201889  
-0.7577398702  
-0.253602058  
-0.5446893382  
-0.8708570652  
-0.5240603081  
-0.4582528137  
-0.06435798442  
0.0892659016  
-0.4327051061  
-0.5972171209  
-0.1572973276  
0.3066130409  
0.3224196266  
-0.3906131704  
-0.5962657197  
-0.370032397  
