0.3984840914  
0.9264244586  
1.213927943  
1.278302019  
0.3969979961  
-0.1668563458  
0.1449197736  
1.640521355  
0.6519988422  
0.2193898892  
-0.4165234828  
-0.5599009504  
-0.5737276311  
0.09145755556  
0.4402437926  
0.2231247239  
0.2212018841  
0.2186269923  
0.6871667653  
0.05566975077  
1.57844295  
1.700576312  
0.9841660026  
0.5156590715  
0.7733448414  
-0.3538432358  
-0.1028940685  
0.4689394351  
0.5604786206  
0.1565022465  
-0.2488050273  
0.3631864143  
1.155503496  
0.5983576379  
0.5299691581  
0.1160939618  
0.4018545404  
0.8230086298  
0.5690054997  
0.4003298044  
0.0900904301  
-0.2949814536  
-0.6191343673  
0.414698082  
0.9793266915  
1.032912418  
0.01595206755  
-0.07233889362  
0.6529532212  
0.5864420402  
0.4373204453  
0.5061362919  
-0.09005767257  
0.03229757947  
0.3630414895  
0.7247420251  
0.8515402334  
0.5150657892  
0.08300412936  
-0.06669592791  
0.2958803146  
0.5316681968  
-0.2259877312  
0.5356323236  
-0.1370904453  
0.4699336322  
0.6403007739  
0.8565151897  
1.119686242  
0.6928625534  
-0.1067751373  
0.05623115403  
