0.2303391868  
-0.4596775069  
0.1901438958  
1.258025557  
0.2864781983  
-0.7802147944  
-0.6362385742  
-0.1164056355  
-0.06192542613  
0.1511340606  
-0.03592639269  
-0.812441582  
-0.7993983274  
-0.6065304158  
-0.0886859635  
0.9458394343  
-0.3353303923  
-0.3212368371  
-0.994857714  
-1.208172383  
-0.2897955854  
-0.06633359115  
0.1902391989  
0.1887017241  
0.2375682518  
0.5052519833  
0.3928924749  
0.2294728454  
0.1214416601  
-0.1274676386  
-0.6133593133  
-0.7104219465  
-0.4505899864  
-0.1657754941  
-0.04536033735  
-0.852898502  
-0.3858272951  
0.1392834996  
0.2361188028  
-0.2992530034  
0.1275903696  
-0.8560454832  
-0.3406783742  
0.1420962413  
0.3415229443  
0.4582984378  
0.6174340178  
0.3244757801  
-0.3382337434  
-0.2365206951  
0.1455265318  
0.1948602835  
-0.0892534805  
-0.6362632364  
-0.4588453538  
-0.1357062177  
0.0363274451  
0.2374641629  
-0.07582057042  
0.1065539792  
0.1187591355  
-0.3394407952  
-0.2589530304  
-0.02987361307  
0.1089900516  
-0.2445391677  
-0.2242957716  
0.1818993488  
0.02849583132  
-0.2496747074  
-0.4860919604  
-0.481523702  
