-0.1491856826  
-0.2501470523  
-0.1536919879  
-0.1257057801  
-0.4934736463  
-0.4962947009  
-0.1789377974  
0.1122883774  
-1.040013044  
-1.303197213  
-0.3843640905  
-0.4453241701  
-0.5097922847  
-0.5434244761  
-0.6002472022  
-0.2309626809  
-0.1726146776  
-0.4222611956  
-0.1713475907  
-0.3128112906  
-0.6119276683  
-0.4061876637  
-0.04213507493  
-0.1110478259  
-0.3672420006  
-0.1465224125  
-0.6088116051  
0.07041181697  
0.129916657  
-0.6498275723  
-0.4777886885  
-0.0272138307  
-0.273625048  
-0.2659330284  
-0.03378115261  
-0.1997568782  
-0.5632029012  
-0.4791621711  
-0.8083608864  
-0.1970398979  
-0.6615257906  
-1.087403633  
-0.6990979635  
0.3794603948  
-0.1800169494  
-0.5634044683  
-0.3065421785  
-0.04234451918  
-0.368095714  
0.1368606493  
-0.2883219374  
-0.1668667028  
-0.5198424507  
-0.4143215631  
-0.3805757094  
-0.2905078851  
-0.6022411836  
-0.4778502778  
-0.3151660256  
-1.282667692  
-1.586554471  
-0.4160279404  
-0.01101103739  
0.2172449017  
0.160846743  
-0.221286849  
-0.1850843353  
-0.4303879177  
-0.3425175477  
-0.5374997501  
-0.17341977  
-0.06637121913  
