1.440976385  
0.3310260454  
0.1271635347  
0.2664011497  
0.797993041  
0.05973465301  
-0.2960931177  
-0.1538510396  
0.008143967866  
0.2264980466  
-0.05640996184  
0.093179417  
-0.06747320163  
0.2481690019  
-0.715651685  
-0.5982574259  
0.4533855473  
-0.01175005482  
0.2118959717  
0.2870612814  
0.2245204203  
0.2107795308  
0.1630348035  
-0.1551822275  
1.378104634  
1.070539313  
0.8674887411  
0.8736391813  
0.6362416122  
0.1024581087  
-0.4545708155  
-0.9040636621  
0.05187059494  
-0.1526257521  
-0.1488161279  
0.1098970789  
-0.09571872565  
0.5404244867  
0.617434863  
0.1529727097  
0.6615313424  
-0.7586007891  
-0.1943965581  
-0.05141620773  
-0.5772958748  
0.3000305746  
0.3576146659  
0.532775962  
1.10884257  
0.8382483629  
0.5038301346  
0.1278533897  
0.08985675973  
-0.2241786391  
-0.7658764512  
-0.9723496872  
0.8247483956  
0.5000396973  
0.2785686611  
0.7741307738  
0.4844243712  
-0.4657410336  
-0.8363917839  
-0.7176566799  
0.3520730895  
0.3465518886  
0.1260571978  
-0.2656813958  
-0.1637153313  
-0.00891588003  
-0.1795069167  
0.1559586776  
