0.3902305103  
-0.00949525392  
0.3792156794  
0.6569192943  
0.9492943385  
0.4147593293  
0.1278470408  
0.3336691737  
-0.09754650381  
-0.2826228581  
-0.8329361565  
-0.3131407981  
-0.08330308833  
0.1924252207  
0.1855783126  
0.5212575329  
0.8566289443  
0.5682855717  
0.3384608008  
0.2040324001  
0.3400089383  
0.9668936542  
0.5307918323  
-0.699249697  
-0.3363348527  
-0.2143428628  
0.5936517464  
0.6231419693  
0.2295360372  
0.1117565751  
0.2685332413  
-0.4082269425  
-0.1470246111  
0.100624372  
0.5756300055  
0.1825047119  
-0.07450909983  
0.4545004543  
0.7094382362  
0.7108266982  
-0.2729968444  
-0.2431022914  
0.1877138976  
0.2373502716  
0.2655449176  
-0.1246275298  
-0.2584859046  
-0.1398460156  
0.3824662217  
-0.5661837384  
0.1028170705  
-0.05439026997  
-0.2854782325  
0.1108622594  
0.2208454333  
0.7593837586  
0.2549214587  
0.2216993758  
-0.3717815891  
-0.5125631955  
-0.1183024072  
0.6579393978  
0.5039402672  
-0.4132580217  
1.118635053  
1.075638501  
0.7226013006  
-0.2931048317  
-0.3736940132  
0.1040010362  
-0.3600290384  
-0.6127102826  
