0.3407504719  
0.2754681172  
0.2906901791  
0.280590035  
-0.04543860089  
0.3616421606  
-0.6090348375  
-0.3908448454  
-1.174664517  
-1.622201087  
-0.7762076945  
-0.05238190094  
0.3006118899  
-0.01985958297  
-0.3563510741  
0.1489681376  
0.4021629889  
0.1612999357  
0.04050847065  
0.3633870212  
0.1570128614  
-0.1345380741  
-0.2659662677  
0.09019909931  
-1.409584742  
-1.136881125  
-0.3048566468  
-0.08926547299  
-0.2372228013  
-0.5029417071  
-0.0195954618  
-0.2511723014  
-0.06898129104  
-0.1208777973  
0.2522423598  
0.7102299984  
0.1842636982  
-0.06636247137  
0.4822556272  
0.3985765036  
-0.6126198154  
-0.9727811856  
-0.2489482513  
0.3590783473  
0.08188643342  
-0.1786667908  
-0.6542696492  
-0.9739418741  
-0.04814945514  
-0.7588533391  
0.1974476574  
0.08136747547  
-0.4884384995  
-0.09201426706  
-0.168217065  
0.5655033061  
-0.1371089673  
0.2551399808  
-0.3266546021  
-0.6515125442  
-0.3921683463  
0.02853814355  
-0.05514314133  
-0.5959691229  
0.5470493152  
-0.02657785781  
0.3460201397  
0.04082478882  
-0.4236614102  
0.03316103471  
0.240425318  
-0.1859155045  
