0.1948482706  
-0.08593110142  
0.3383092226  
0.08059257938  
-0.5555661021  
-0.7690040655  
-0.1326110575  
0.04622992824  
-0.0863711127  
-0.2203492507  
0.07828547018  
-0.1256000261  
-0.3866680688  
-0.6671807186  
-0.2889108298  
0.06035696637  
-0.2720608599  
-0.3373000839  
-0.4505926791  
-0.07536492759  
-0.188315105  
-0.3190943381  
-0.1243779944  
0.06290382059  
1.019561383  
1.093796328  
0.9288987843  
0.6766926592  
0.2747386715  
-0.268361143  
-0.8384450069  
-1.10510311  
0.1771729114  
-0.2095628008  
0.1667550518  
-1.090011777  
0.09949375385  
0.1262467896  
-0.02683629801  
0.14600351  
-1.155181282  
-1.421483296  
-0.5928184221  
-0.3984035042  
0.319796501  
0.5097371218  
0.2654153321  
0.08208111904  
0.6038069303  
0.7543734215  
1.077657463  
0.1723469168  
-0.8001742092  
-0.1381578403  
-0.1877012227  
-0.8875681616  
0.6436530754  
0.6154325705  
0.2114581302  
0.7702353297  
0.05485233562  
-0.5860054003  
-0.7302557008  
-1.028649674  
0.5603090859  
0.07029310614  
-0.1540874292  
-0.08580100742  
-0.540077647  
-0.7167704625  
0.0424935705  
-0.271501798  
