0.6850454819  
0.3711790823  
-0.3161776984  
-0.5862552604  
-0.1958073464  
-0.08215597997  
-0.1566582621  
-0.3732252113  
-0.4698241683  
-0.5748068949  
-0.3087962566  
-0.4339332333  
-0.1466130379  
-0.2006267881  
-0.9090796764  
0.08421102094  
-0.01093999453  
-0.6583914197  
-1.083060844  
-0.5647873532  
-0.3948590591  
-0.5323202034  
-0.5823496352  
-0.3104738476  
0.1798749769  
0.5049049882  
0.3975772207  
0.2377640818  
0.7050443666  
0.268539165  
-0.795363518  
-0.5431803006  
-0.4290968576  
-0.1251090097  
-0.07579673672  
-0.4461346936  
-0.784979875  
-0.04990341965  
-0.1054997632  
-0.4942733622  
-0.6030379631  
-1.011718937  
-0.803595483  
0.3046844933  
0.5923777689  
0.1068433206  
-0.7361294902  
0.2454604591  
0.3013033401  
0.1269781145  
0.3279656453  
0.2720984276  
-0.5431898993  
-0.931364691  
-1.292919774  
-0.4751639027  
-0.3844222048  
-0.4252210263  
-0.2728719513  
0.2621608734  
0.4175088529  
-0.2202707438  
-0.01088287005  
0.1205062444  
-0.1889074811  
-0.3768921253  
-0.2899586106  
-0.2661396365  
-0.2636066671  
-0.2796353962  
0.2616720909  
0.6025318921  
