0.8055516395  
0.245142534  
0.8595164471  
2.053921883  
1.532560924  
-0.125881748  
0.4352405154  
0.4424988986  
0.5361362786  
-1.190763415  
-1.031163233  
-0.2567353979  
0.3171130372  
0.03560715051  
0.5155306051  
0.6801889132  
0.7913569614  
1.301881628  
1.077673602  
0.7368799354  
0.5356752435  
0.1770568419  
-0.1744757257  
-0.2724799983  
1.638639782  
0.8964765424  
1.54589859  
0.5818090481  
0.09727245256  
0.5838384887  
-0.2396636142  
-1.404631147  
0.9243256026  
1.893603395  
1.266275434  
0.3133521213  
-0.4524782002  
0.3085164804  
1.529154291  
1.190695498  
-0.6700464809  
-0.7169801907  
0.2141322568  
-0.1450500163  
0.5713972097  
1.631602225  
0.2474464519  
-1.161076038  
2.262023618  
-0.02144772706  
0.7650303966  
1.053140051  
0.4351140108  
0.4708405741  
0.4209439012  
0.1360379912  
1.041239064  
0.5288602493  
-0.5178204736  
-0.4525254341  
0.2416216959  
0.7367545633  
-0.4127266651  
-0.1932402155  
1.115628246  
2.136039117  
1.342449527  
-0.2698398412  
-0.3949283208  
0.662822122  
0.4820874788  
0.2208458346  
