0.748331431  
0.7121609966  
0.4879233677  
0.6936051863  
0.8532583462  
0.6627109214  
0.5135684197  
0.781021551  
0.4786000328  
-0.2151149142  
-0.2773352772  
-0.1073801565  
0.2090787469  
0.2260299988  
0.3895090807  
0.5795520508  
2.030594  
1.014589966  
0.7112003259  
0.6464991605  
0.5596376762  
0.4395530547  
0.2950654893  
0.1064126645  
0.2426150099  
-0.6421556616  
0.5011142418  
1.083820789  
1.011891232  
-0.0059019339  
-0.2107370663  
-0.5721078129  
0.7840274539  
1.303378101  
1.588466039  
0.9547724162  
0.02763125751  
-0.2490212489  
0.9943931947  
0.6893424854  
0.2451463708  
-0.2750506909  
0.269767556  
0.2974555738  
0.2912278805  
0.5512415401  
0.2072428856  
0.09788727185  
0.9362113743  
0.1156112895  
0.8998370893  
0.789478056  
0.2752953571  
0.259548389  
0.3053799815  
0.494447441  
1.438125525  
0.8889403947  
0.3970364624  
-0.5212388081  
-0.7622667144  
0.1272638251  
0.3386203213  
-0.1380147408  
1.251898969  
1.06022569  
1.138143449  
1.036944945  
0.166672687  
-0.2467379311  
-0.07631717778  
0.09582183448  
