-0.1950300814  
-0.1956269229  
0.5156888625  
-0.1488011538  
-0.6836788178  
-0.2448683387  
0.7944797074  
-0.6320983021  
-0.2698195913  
-0.3866360288  
-0.2952814753  
0.1587605257  
-0.3058846769  
-0.7941676268  
-0.6770714435  
0.2331930909  
-0.1587448238  
-0.110719457  
-0.2592611929  
0.4299733631  
-0.1715584693  
-0.7818167735  
-0.257287926  
-0.2758489351  
1.750930538  
1.74513229  
0.9208219538  
0.3923051114  
0.02286629558  
-0.4257661855  
-1.881467725  
-2.153109614  
-0.7503867189  
-0.360531956  
0.2863422922  
0.386800069  
0.6135082482  
-0.05349877163  
-0.829412996  
0.4419655598  
0.04882021248  
-1.504735275  
-1.496128701  
0.4964428201  
0.9290585079  
0.3798133719  
0.5284266037  
-0.2868581223  
0.9908101032  
0.3346634735  
0.5572844434  
-0.2179141284  
-0.7603258326  
-0.5198427792  
-0.6036700034  
-1.701497929  
1.044547737  
1.325617713  
0.6499231624  
0.083578047  
0.8031229989  
-0.1422093318  
-1.0507407  
-1.561722086  
0.3433181008  
-0.3448294527  
0.3981187483  
-0.6722466522  
-0.7709727449  
-0.6150954866  
0.1192025734  
-0.3937772073  
