1.273637215  
0.8291605848  
0.1649128426  
0.04300001052  
0.5372020403  
1.022780095  
1.422408087  
0.8609639695  
1.322187972  
0.816698676  
0.5282721537  
0.3670731136  
0.5692934587  
0.6611044578  
0.6767195585  
0.9298905397  
1.066942829  
0.6090667233  
0.8280821031  
0.3954417903  
1.043888078  
1.24382524  
0.7522655921  
0.5652258792  
1.493308798  
1.114840074  
0.559362776  
0.6481814247  
0.5909731161  
0.6982432857  
0.2747456627  
0.5012705881  
1.192681535  
0.9476235643  
0.6585173918  
0.716316538  
0.3504537647  
0.7442493096  
0.6188174612  
0.4245376285  
1.318378263  
0.6088726796  
0.8270361327  
0.6697503222  
0.4609089164  
0.8878869827  
0.8447967427  
0.4356855165  
1.176411165  
1.114093474  
1.809357894  
1.732132914  
1.137621903  
0.5668546377  
0.2832722775  
0.4324599346  
0.8203758697  
0.666285089  
0.7038335876  
0.9189149307  
0.5034328897  
0.5117159789  
0.7236538848  
0.1750248573  
1.340693553  
1.482536159  
1.253321486  
0.7672117294  
0.3473236987  
0.1701962994  
0.6089294167  
0.6559124775  
