1.094026064  
1.185519704  
0.854382319  
1.128364979  
1.076226002  
0.9249226031  
0.8568780082  
0.7220427778  
0.8286173957  
0.331865195  
0.3882326892  
0.6825854917  
1.004763828  
0.9137492859  
0.8435942266  
0.5513559599  
1.433114482  
1.282076984  
0.9023437007  
0.9411273558  
1.318501153  
0.9893595173  
0.7749977081  
0.8202562947  
1.457366259  
0.9573373954  
0.7124053346  
1.009246267  
1.027140194  
0.402385629  
0.4597432387  
0.6445358531  
1.582392251  
0.7994500946  
0.5667275055  
0.8759426306  
0.8737445164  
1.620912094  
1.138151497  
0.4040651757  
1.317641094  
0.910462128  
0.6928138454  
0.8356303187  
1.07510813  
0.7775342131  
1.17672202  
1.340970063  
1.315747617  
1.471711704  
0.9777140411  
0.952744659  
0.7239847095  
0.7938308967  
0.7398982053  
1.018750107  
0.963869996  
0.6863294528  
0.6385615454  
1.098223225  
0.4409318672  
0.5067611628  
0.4963352124  
0.7147747708  
1.501737014  
1.161483896  
1.087683314  
0.8187116628  
0.6659332262  
0.9608953697  
1.108348788  
0.9859433166  
