1.19635351  
-0.009604294049  
-0.5772528186  
-0.3262587447  
-0.2944194265  
0.2953473034  
0.1422503446  
-0.3072850969  
-0.3749152794  
-0.04058761071  
0.1443237465  
-0.643078335  
-1.218828342  
-0.2353967715  
-0.1679377144  
0.3158861411  
-0.121147155  
-0.09952317759  
-0.291461018  
0.08852490761  
-0.08455803088  
0.1466957109  
0.3891287325  
0.8432167492  
-0.3557097708  
-0.1409452721  
-0.3498947207  
-0.4111013166  
-0.1218683667  
0.2662690855  
0.8060451201  
0.116416507  
-0.3183353532  
0.2231453303  
0.3357566277  
0.05804055169  
0.1180436936  
-0.003526385825  
0.04478043393  
0.4831609283  
-0.9642913707  
-0.5569602182  
-0.6675628342  
0.02431538172  
0.03272449519  
-0.1106192381  
0.1525906982  
0.01639787407  
-0.7898889266  
0.06797538956  
0.7899018384  
0.5056873187  
0.4023564334  
0.432674767  
-0.3342684003  
-0.2828103793  
-0.6921164028  
-0.9069588952  
-0.5029993829  
-0.1337231186  
-0.3529299288  
0.2543891782  
0.7216001764  
0.3672497754  
-0.6114667849  
-0.6375625074  
-0.05040047171  
0.120294112  
-0.3409318111  
0.2544273528  
-0.1536668355  
-0.524199435  
