0.15255915  
-0.01135237672  
0.09728583576  
-0.008464959205  
0.5112422259  
0.5899258822  
0.2648905831  
-0.2711564211  
-0.706290257  
-0.8361372369  
-0.2807602559  
-0.5716946441  
-0.1940653688  
0.08000802901  
0.2476193076  
0.1939965  
0.08732923032  
0.01041606627  
-0.3162571587  
0.2489837557  
0.745425177  
0.2431437704  
0.1871985656  
0.03683162932  
-0.07291790216  
-0.3062241077  
0.1033313049  
-0.492403919  
-0.471162625  
-1.262314227  
-0.9551995093  
-0.6125951665  
-0.008396552582  
-0.2182605467  
-0.1315393819  
0.5901085856  
0.8782145854  
0.5946225462  
0.5455904295  
0.09431598963  
0.1919031035  
0.3386241563  
-0.1601483455  
-0.5349920408  
-0.6662366065  
-0.948275381  
-0.3800545033  
0.3737754691  
-0.02875556287  
0.5711070816  
0.003158862261  
-0.2957358487  
-0.2710633599  
0.6788570332  
0.2207729121  
-0.2725630259  
-0.1164773166  
-0.4048040705  
0.3298050353  
-0.06165867147  
-0.3765595089  
-0.452661102  
-0.476127644  
0.07270655465  
-0.2732992949  
-0.06893528574  
-0.01356104487  
0.07237650317  
0.2890933981  
0.2096578269  
-0.3089559063  
-0.2604850052  
