0.3138168982  
0.5056291907  
0.2506506128  
0.2294044933  
0.5007450762  
0.31876273  
0.4039201593  
-0.08211482596  
0.2833753972  
-0.1845173308  
0.2655868886  
0.3666148711  
0.3755699669  
0.5306828318  
0.1443772672  
-0.1037674621  
0.002495930236  
-0.280435361  
0.1239398103  
0.0699016517  
0.2145919111  
0.6570973314  
1.086671173  
1.310434498  
0.2889428123  
-0.2071339779  
-0.6560577527  
-0.2231616462  
0.5527172942  
0.2183795253  
0.3113990364  
-0.3562879955  
0.3197269471  
0.1467496872  
-0.3421791589  
-0.248256843  
0.4673718896  
0.6836031103  
0.1616934969  
-0.02346737803  
0.1679482729  
-0.09527541295  
0.154572932  
0.07015490566  
0.3417573661  
0.7660095581  
0.8236434443  
0.6437928079  
0.9083016677  
0.6917944346  
0.4574810536  
-0.06161193086  
-0.6165620136  
-0.1796726322  
0.2880563343  
-0.2287833593  
0.331581768  
0.09159120741  
0.2873831561  
0.3584376903  
0.6595985164  
0.8720795911  
0.3480077587  
0.4667066401  
0.06411170646  
-0.314275155  
-0.0199616707  
0.007749534989  
0.09019416639  
0.1962767441  
-0.3279910742  
-0.1775164102  
