-0.2124683198  
0.1433488507  
0.6956659938  
0.7300461129  
0.4974110285  
0.3577147682  
0.3501100101  
-0.2211889221  
1.237827563  
0.5190196359  
0.1654240622  
0.4687008983  
0.01871152379  
0.3766695621  
0.538065699  
0.04901827597  
-0.4845281551  
-0.7420940227  
0.01514774345  
-0.5765981576  
0.2258505425  
0.7442863786  
0.9943453599  
0.5947771784  
0.5478770351  
0.908055611  
-0.3400645891  
0.06911315847  
0.3297381927  
0.5298040401  
0.4254296924  
-0.3853250624  
-0.1479395857  
-0.1380495292  
0.03214936939  
0.008966499842  
0.4174216076  
0.07862042361  
0.5059087504  
0.7856786878  
-0.5304129663  
-0.5684755511  
-0.3206132003  
0.3802211332  
0.3201551371  
0.5809514048  
0.3292608324  
0.1450527493  
0.6282685211  
-0.1624051395  
0.3676099664  
1.023838449  
0.7174334279  
-0.0238792363  
-0.1913252987  
0.06093491437  
0.2500144302  
0.1854460608  
-0.5630714568  
0.2097121383  
0.3878637658  
-0.06062339129  
-0.2466689321  
-0.7402945655  
0.5470713259  
0.4452308965  
0.6202952402  
0.1915310036  
-0.03534003663  
-0.3744415868  
-0.6666621243  
0.2835464752  
