-0.04193037239  
-0.2688423886  
-0.04949606568  
-0.3611749898  
-0.1880097663  
0.2266916735  
-0.04824542999  
0.0003456215521  
-0.1596058719  
-0.0488113957  
0.1716988342  
0.7664997371  
0.9637821709  
0.6874298648  
0.4135597835  
0.8519237406  
0.07016006543  
0.2168530673  
-0.1722387397  
-0.6480963335  
-0.8858539074  
-0.3517531569  
0.00965131176  
0.5388827094  
0.2141405801  
0.4118733249  
0.2345226997  
0.2066409764  
0.3327552978  
0.3823463401  
0.3607932964  
0.414793628  
0.06589997648  
0.3972316745  
-0.06482514909  
0.01993865549  
-0.1552187671  
0.2012953757  
0.7437907964  
0.3979544238  
-0.3955797009  
-0.196011232  
-0.0903743404  
0.06551010436  
0.2380778775  
0.08966053914  
0.1542873247  
-0.07207232717  
0.4771565928  
0.2818233211  
-0.4600029331  
-0.1631846163  
0.2853801745  
-0.3509593004  
-0.2301971577  
1.210745003  
0.7246265874  
0.6936064507  
0.4544801044  
0.06688146372  
-0.1319832247  
-0.2976139111  
-0.4949140416  
-0.001993497558  
0.3418348451  
0.2764921569  
-0.1893659117  
0.02967921595  
-0.4313426889  
-0.3131387432  
0.2749459729  
0.3789439561  
