-0.1681581477  
-0.1666475033  
-0.6948253838  
-0.4630141539  
-0.4146559964  
0.5787065089  
-0.05477738067  
-0.5768352825  
-0.003259225503  
-0.07299883095  
-0.2638113581  
-0.9068375614  
0.1295318672  
0.4926750691  
0.1533979224  
-0.6162358654  
0.4953520105  
0.103598508  
-0.06496620644  
-0.2221052326  
-0.3345656714  
-0.2433915376  
0.3712950639  
-0.6063125858  
0.1678496109  
0.1140503462  
0.08167892008  
-0.05983573512  
-0.3351996005  
-0.8762125253  
-0.6003809383  
-1.037912203  
0.09257120914  
0.2739404208  
-0.09106732969  
0.02811692341  
-0.2667718169  
-0.1947629339  
-0.2332519975  
-0.7412323238  
0.7129832726  
0.4711850782  
0.5432465035  
0.09611537288  
-0.4177476321  
-0.8598534582  
-0.4583628636  
-0.8557397476  
-0.5004337387  
0.6735010512  
1.215382072  
-0.01689943279  
-0.2877334925  
-0.3937195641  
-1.054816626  
-0.523938511  
0.3510370709  
0.183631718  
-0.7738914362  
-1.809972016  
-1.085631665  
-0.001991025711  
-0.1813140021  
0.2772912666  
-0.2100799741  
0.2059400893  
0.08361606854  
-0.55304014  
-0.3127832272  
-0.7476987489  
0.03651757813  
-0.03050018749  
