-0.2293380821  
-0.4117794219  
-0.04697409821  
-0.4499542655  
-0.0269320317  
0.4216902676  
-0.008300505971  
-0.2643327133  
0.4628817166  
0.8811707904  
0.344534306  
0.03168933123  
-0.8944125274  
-0.6770877924  
0.2896022716  
0.05500998152  
0.7294733462  
0.3836786706  
-0.5549519186  
-0.6967203544  
-0.3282290066  
0.3524390094  
-0.06579073023  
-0.6361897215  
0.1196611053  
0.3301615317  
0.3521685883  
0.2182926979  
-0.1673802428  
-0.07822506528  
0.1372493557  
-0.03589578287  
-0.4093853298  
0.2258274612  
0.1851829179  
0.3506889782  
-0.1588518882  
0.5392858969  
0.3771594304  
-0.395151902  
0.1006266988  
-0.2243129137  
-0.1174046099  
-0.4191310635  
-0.5529162029  
0.001769718371  
0.05336592165  
0.6372645457  
0.05562122166  
0.06407372967  
-0.8996786987  
-0.2748523343  
-0.2781250794  
-0.3483738311  
0.06621100087  
1.243764408  
0.7490118089  
-0.7792670742  
-0.9246216283  
0.1695853778  
0.4679011351  
-0.4588977938  
-0.2115636187  
0.2902155256  
-0.0312315207  
-0.8070728978  
-0.2771071023  
0.08355430504  
-0.1888577011  
-0.2037066692  
0.4141584105  
-0.1561032316  
