1.885739351  
0.7555427614  
-1.275550859  
-0.04599258723  
0.7066173789  
-0.427952037  
-0.9179067502  
-0.7949433593  
-0.4169438026  
-0.1033637924  
0.3857557374  
-0.4853701341  
-0.9179805466  
-0.4369290059  
-0.2245029564  
0.05303063871  
-0.1612215101  
-0.4432400326  
0.4751935116  
0.2650744703  
-0.3661510509  
-0.2993838993  
0.5651831419  
1.036238216  
0.1056978916  
-0.5197763272  
-0.6281332475  
-0.279992989  
0.2650373775  
1.205585052  
1.747923514  
0.2071029218  
-0.2875637755  
0.2844067613  
-0.5707069914  
-0.09852531729  
0.1830933314  
1.208411875  
1.12120457  
-0.864587896  
0.2641189649  
-0.1809907649  
-1.128721526  
-1.201521408  
-0.8953447169  
-0.5319617406  
-0.4381353463  
0.4732224349  
0.8948603457  
0.8576548349  
0.5517715863  
-0.1647883018  
-0.6557844226  
-0.24099965  
-0.4260184451  
0.05148613982  
-0.399852556  
-0.6285744741  
-0.4125365454  
-0.2907918327  
-0.3892453232  
0.2299320419  
-0.09755809762  
-0.1329602881  
0.03569969339  
-0.4057815551  
0.08815847087  
0.37362628  
0.4491628742  
0.1272416501  
-0.2153946132  
-0.8138132935  
