-0.3571667002  
-0.01085246901  
-0.1069926803  
-0.4120404452  
-0.3040016474  
-0.2085371974  
0.07002498719  
0.21303115  
1.848405229  
0.7938503807  
-0.04415286097  
-0.5423612108  
-0.1097282877  
0.3719202361  
-0.5185215708  
-0.4121118996  
0.2343829944  
-0.4043647906  
0.04670179728  
0.399060265  
0.6068731256  
0.380274643  
0.1964590595  
1.1599775  
-0.8438398103  
-0.6544935241  
0.4253251247  
-0.3746504462  
0.01915254973  
-0.02193623507  
0.01023860589  
0.1336958755  
0.1314030086  
-1.554318078  
-0.8683576782  
-0.4315187817  
-0.2388921674  
1.194731388  
1.842266408  
1.931718349  
0.757953076  
-0.3130952445  
-0.5530861581  
0.1933807822  
0.5797903177  
0.1684141551  
-0.0231728793  
0.08747065822  
0.4508277533  
-0.02248251046  
0.319145233  
0.1137817357  
-0.4172747296  
0.05054167854  
0.6582210431  
-0.9861436357  
0.2699092739  
0.5853255825  
0.8311777425  
0.1936139049  
0.7267053953  
1.140242046  
-0.1140107673  
-0.1114191672  
-0.2276159973  
-0.5613499692  
0.4855375231  
0.4407422942  
0.8342404317  
1.821938264  
-0.1643677729  
-1.626362677  
