0.205032525  
0.5145827763  
-0.1923225271  
0.2033685066  
0.3977926994  
-0.3835016296  
-0.5460130155  
-0.543242915  
-0.04653056453  
0.3332668206  
-0.03032395462  
0.6583225436  
0.6964847919  
-0.1859103927  
0.308365611  
0.01436618617  
-0.3247266286  
0.2802026441  
0.4000236568  
0.303695784  
0.08069643337  
0.1736838875  
0.004565306454  
-0.4566090144  
1.428424427  
0.002776231212  
0.002355812117  
-0.761393092  
-0.7104372433  
0.07061316042  
-0.03079732426  
-0.3613429317  
0.5795209779  
0.999324964  
1.061738257  
0.09605186948  
-0.8770971084  
-0.3479309695  
0.1401850998  
-0.001458185856  
0.4646693062  
0.1416573035  
-0.04551550008  
-0.05175365353  
-0.3823974857  
-0.1577015561  
-0.3706898454  
0.1125920608  
0.7852290459  
0.3686641529  
-0.6119452519  
0.2425008985  
0.485545891  
0.2458714525  
-0.3040813993  
-0.6997794506  
0.4559204136  
0.2456153384  
0.1561406815  
-0.1544016241  
0.1441290665  
0.06203005831  
0.3854869069  
-0.07447134147  
0.4465850776  
0.1531412156  
-0.06218400132  
-0.1554670183  
0.09904428494  
-0.1132385343  
-0.3783046679  
-0.1533785261  
