0.0670020596  
0.2311392253  
0.4043246066  
0.8812858305  
0.7221491289  
0.1057453928  
0.08621932029  
-0.0419809132  
-0.9579154329  
-0.848583108  
-0.7096366384  
-0.1584382398  
-0.3734501061  
0.0816329826  
0.5387926264  
1.068797613  
0.744171201  
0.6154887908  
-0.1722451064  
-0.5101286708  
-0.2809771182  
-0.215105499  
-0.9722308232  
-0.748157929  
0.2906573074  
0.02909867799  
0.590525879  
0.7010362631  
0.3366845039  
0.6560148381  
0.5252770237  
-0.2251230898  
-0.1576921618  
-0.1396782778  
-0.4388064771  
-0.0996905792  
0.1458093045  
0.3911807392  
0.1796064476  
0.1178805422  
0.3937954836  
0.7191890276  
1.090580309  
0.1681151835  
-0.566096255  
-0.54788162  
-0.5082286606  
0.4233887565  
0.08334165263  
0.4398601661  
-0.4425690474  
-0.3968532706  
-0.6557928382  
-0.5114158752  
-0.2212840566  
0.09946367111  
-0.1699124956  
0.1946618785  
0.1277824089  
0.1104152886  
0.7328250605  
0.4359016401  
0.2977325664  
-0.2733459685  
0.5301904897  
0.3751220527  
0.6359488876  
0.207641338  
-0.04612801216  
-0.2085299735  
0.5857745208  
0.7290320502  
