-0.5263906418  
-0.4095051326  
0.2574061905  
-0.06081031409  
-0.2179031953  
-0.1889295629  
0.1107907396  
0.007302014647  
-0.3864254248  
0.9455871253  
0.8544098021  
0.7859612184  
0.06193079451  
-0.2113681997  
-0.07158845193  
0.05973170092  
-0.7124807382  
-0.5069757211  
-0.6423927992  
0.2259900318  
0.6497984281  
0.08105595822  
-0.3948994256  
0.3719060349  
-1.004294521  
-0.5821115831  
0.1605099284  
-0.4046167448  
-0.03195439115  
-0.2380655064  
-1.024984666  
-1.285158514  
-0.5901949527  
-0.3932327778  
0.528923108  
0.2114588302  
-0.4907129278  
-0.3240239279  
-0.1111032535  
0.1343648545  
0.3277978187  
-0.08221129246  
0.3263364905  
-0.1902183748  
0.6214272039  
-0.396672061  
-0.4706478099  
-0.3134383496  
-1.260616874  
-0.7978555072  
-0.2597620276  
-0.5589527534  
0.2427115111  
-0.3955154206  
-1.069404417  
-0.7139799938  
0.1698908142  
-0.08626545716  
-0.007543293367  
-0.02237996988  
-0.1501636799  
0.1076015152  
0.2107476817  
0.5543691525  
-0.1514183477  
-0.243855148  
0.2645737372  
0.7789724549  
0.2805735983  
-0.7188354854  
0.1637827048  
-1.74579043  
