0.5142361326  
0.2566116935  
-0.02855599652  
0.09191365471  
-0.2864298475  
-0.5193562743  
-1.048418174  
-0.6235829654  
-0.744058238  
0.2508857566  
1.227268603  
0.9846978629  
0.1022404077  
-0.3857398314  
0.4998650293  
0.9949674049  
-0.5676120478  
-0.3784541876  
-0.02433303979  
0.08166176914  
-0.7633868627  
0.115414972  
0.1554633628  
0.314600675  
-0.8936287261  
0.1080679601  
0.914784566  
0.2567232047  
0.7039829287  
0.03145803962  
-1.660374686  
-1.075492428  
0.2165421232  
0.3650815518  
-0.1595815079  
-0.9490681754  
-0.7951749116  
0.5764258624  
0.203314647  
0.339532342  
-0.05160331052  
0.05988919598  
0.3343705382  
-0.5551897206  
0.2259607807  
-0.5792732352  
-1.147621108  
-1.0092669  
-0.2924118538  
0.5094006462  
0.3594006599  
-0.2046220179  
0.04602999466  
0.6127571487  
0.6495371332  
-0.2684968792  
-0.1769121352  
-0.8310426462  
-0.7005282217  
-1.119441774  
-0.52682721  
0.1108926996  
0.07216446611  
0.1228550971  
0.08508075382  
-0.9269257862  
1.00084236  
1.369609107  
0.6686266488  
-0.6399350186  
-1.401214436  
-1.459752097  
