-0.1474273606  
-0.5624852678  
0.1821898413  
0.880734944  
0.2877813673  
0.133811167  
-0.4552737844  
-1.332779206  
-0.06227386145  
0.5305864166  
0.3446964574  
0.05958439677  
-0.1059483417  
-0.08422146028  
-0.3477885625  
-0.4583551566  
-0.2128762103  
0.3941217124  
0.3503351915  
0.1446141766  
0.06630375521  
-0.09262500605  
-0.009381871376  
-0.08392592793  
0.8930230721  
0.7892689596  
0.5748116618  
-0.372056798  
-0.9596587242  
-0.6412973687  
-1.05803264  
-0.858524256  
-0.2634087684  
0.1501547185  
-0.08236302828  
-0.2526602171  
-1.059481519  
-0.3398984219  
1.021136841  
1.24952433  
0.2135849252  
-0.07389422016  
-0.2406027884  
0.4322675702  
0.03017504454  
-0.2562819741  
-0.0494611226  
-0.127782937  
-0.3371655273  
-0.4526297256  
-0.751069504  
-0.1314422515  
0.06611564432  
0.02818800244  
-0.06127691651  
-0.7755013938  
-0.1702256576  
0.417660987  
-0.1637412379  
-0.5195592248  
-0.8004736558  
-0.3738072604  
0.8771736912  
-0.05815976927  
0.3088494259  
0.2687118973  
0.1956408167  
-0.3743595558  
-0.9435476186  
-0.4028622536  
0.08647311327  
0.3560429433  
