0.2668566595  
-0.1427294592  
-0.9030715096  
-0.4343194536  
-0.2726353719  
0.1458451235  
-0.2644073009  
-0.5733079234  
1.574457888  
0.2372203592  
-0.2921457805  
0.07609789397  
0.1387182068  
-0.018557004  
-0.8399397323  
-0.9977863342  
-0.3852274089  
0.2636902723  
0.4934621711  
0.82698956  
1.06128954  
0.3020069834  
-0.5583628277  
-0.6465414598  
-0.2249684055  
-0.4321116698  
0.04253679752  
0.1698125817  
0.7078119836  
0.04080537963  
-0.5244955659  
0.1234370923  
0.1583710706  
-0.7458258563  
-0.6162810059  
0.04358000615  
0.5858802661  
0.6977582841  
0.1572272048  
-0.4582465685  
-0.09915879248  
-0.274659582  
-0.2192363692  
-0.1175794085  
0.1594421517  
-0.1432035584  
0.2363294254  
0.5459535283  
0.3335848765  
0.5235027503  
-0.4386675229  
-0.657418445  
-0.3365978445  
-0.5212611852  
-0.8630315176  
-0.5142198931  
0.9607208323  
0.2157661021  
-0.4045535707  
-0.528454599  
-0.3576628181  
-0.2989533397  
-0.1755266882  
0.4144287993  
0.7372652127  
0.922142335  
-0.9318421528  
-0.7782722993  
0.03105318999  
1.62459558  
-0.5529965701  
0.05956700215  
