0.1294326847  
0.44664262  
0.1052347543  
0.685199344  
-0.6406938073  
-0.4694226551  
0.4325065528  
0.3254390288  
-0.03968531099  
0.1849153718  
-0.2254616792  
-0.2911008863  
-0.2242383302  
-0.1313183604  
-0.2087636263  
-0.6532470258  
-0.7568947536  
0.2298339523  
0.31941019  
0.6865262499  
0.6980880091  
-0.09496870813  
-0.004271268649  
0.1638871322  
0.5137057904  
0.4434312741  
0.4007656798  
-0.1704619587  
-1.058803739  
-0.2746398825  
-0.5005641539  
-0.1322182737  
-0.3088602479  
-0.7086715  
-1.352902542  
-1.118639019  
-1.291078113  
0.1548485165  
1.56066984  
1.488610065  
0.2175074761  
0.1806995484  
0.1543644024  
0.3211664622  
-0.4808952902  
-0.7095744744  
-0.51501477  
-0.995821214  
1.118831437  
-0.4096844369  
-0.8378838005  
0.5225613076  
0.1635337923  
0.04992747111  
-0.5504549091  
-0.1320503105  
-0.7301672862  
0.4782867709  
0.2641512753  
-0.2721219506  
-0.2316330697  
0.4230371882  
0.751381917  
-0.8020999373  
0.466543778  
-0.01780374976  
-0.2406671244  
-0.6234788041  
-0.728274383  
-0.7161903828  
0.2486592182  
1.11010618  
