-0.8214034448  
-0.2098877801  
-0.3805615511  
-0.5731384566  
-0.6946985859  
0.3157601872  
0.5504928776  
0.07925755433  
0.662632805  
-0.161142505  
-0.1341672069  
0.203176536  
-0.07742589266  
-0.3034742709  
-1.104467792  
-1.153900118  
-0.2182964806  
0.07766723647  
-0.1585764697  
0.5592871477  
1.374590479  
0.04167985127  
-0.2520781695  
0.5332409473  
-0.7105792215  
-1.534093352  
-0.8885889876  
-0.5181270244  
0.5715242734  
0.3224910573  
-0.280374171  
-0.5747259648  
0.04653468831  
-0.7428425565  
-0.1107082793  
-0.5350486352  
-0.5515559321  
-0.2667114128  
0.2359454593  
0.3187898913  
-0.3224229798  
-0.5829871236  
-0.2812312949  
-0.1467176129  
-0.1189632344  
0.06408435077  
0.4163204248  
0.4914951471  
-0.2658673427  
-0.175806514  
-0.2899868331  
-0.2995280973  
-0.3602698965  
-1.182912305  
-1.263477233  
-2.045567011  
0.06188487693  
0.3254770648  
1.008597475  
0.4420574849  
0.2255396289  
0.08426569701  
-0.0464005686  
0.2023373414  
-0.2402722625  
-0.8961414189  
-1.110259014  
-0.5348098801  
0.2751827281  
1.348893013  
-0.1273419496  
-1.19057127  
