0.1758547382  
-0.4609608462  
0.5184989952  
1.117210716  
0.2589111777  
0.2771279757  
0.4534675614  
-0.2222093087  
-1.754997001  
-0.7813741743  
-1.219328163  
-0.7981029121  
0.4748016112  
1.210801362  
1.062403367  
0.3781528261  
-0.1398411742  
-0.575538281  
-0.02366589931  
-0.0001669592763  
-0.0284923815  
-1.26626237  
-1.110291058  
-0.6897574451  
0.03720351897  
-0.2998128009  
0.3386714933  
0.7700002578  
0.824741342  
0.7009414632  
0.08890004142  
-0.05541387808  
-1.231363958  
-1.365034238  
-1.325594193  
-1.040181938  
-0.2512544645  
0.7180905033  
0.04185479654  
0.2527810817  
-0.2573293503  
0.4574942714  
0.6870582006  
1.098086426  
0.5395457925  
-0.3801819847  
-0.3972419077  
0.2276094815  
0.8550652438  
-0.3028847203  
-1.958822969  
-1.51486202  
-0.651605608  
-0.7630141037  
-0.4889317274  
-0.9587066919  
0.01906640504  
-0.4904030928  
0.01377967039  
0.5564854323  
1.457228606  
0.3363842125  
0.05535760977  
-0.7214390432  
1.385085995  
0.2552174902  
0.03883692505  
-0.3195297465  
0.3248397175  
0.3576057144  
-0.3323539582  
0.7929750633  
