,participant_id,alpha,tau,ep
0,217,1.225521692439892,1.0455623477139275,0.04224363759581801
1,129,1.058649332268431,0.9388709440848033,0.011134298805803472
2,231,0.027084595707048447,2.8812907675442183,0.014105586021522358
3,149,0.15961950997599428,3.259260150074946,0.01611460996060794
4,234,4.713182317907667,0.1525544385381627,0.001740188686457548
5,256,0.05185801924092858,1.1721339765119287,0.012866986521773965
6,255,0.020243085942745397,3.2772849767129513,0.014863032913835849
7,152,0.04050248884846758,1.1822877653043984,0.016864254767557294
8,239,7.713169249659269,0.11788260190313872,0.0015364110053158258
9,228,1.0259012916955097,1.1526264054665498,0.0022831832005488395
10,137,1.9165867854978464,1.7335234701172475,0.006161199231515496
11,130,0.024312206382995343,0.8919088627024998,0.015800673308851626
12,103,3.429456197788057,0.6651539756967544,0.0014546304052029306
13,153,0.7778652788530002,2.17013406007452,0.005463078057607583
14,204,13.73078666145793,0.28634638623697767,0.0007075592034309452
15,155,13.413714346616604,1.9812185869897165,0.00048822264734375143
16,150,0.30699883592269506,1.39220024788227,0.005462625338799976
17,247,0.7076273126229813,0.6284286363209005,0.003966414921849333
18,221,6.466812794353132,0.7319882831074063,0.020444323988529824
19,258,1.005171698412017,2.8878325661276802,0.009790972979902881
20,159,3.664415634556141,0.49698791992975366,0.0058614048751491395
21,124,0.10674506992979423,2.2789770623601333,0.010293977361709488
22,209,1.565780624122512,1.9691703709645143,0.008621767493269315
23,118,0.11532401265483333,0.2888595588004565,0.017909084927919053
24,105,0.7276490152530777,0.706661908832393,0.02876236882992226
25,158,2.5832050477739625,0.3785350708839141,0.007508855752633082
26,238,0.42966170429117445,0.11807673873724678,0.013321079160059026
27,227,7.121677583717082,2.0040314330411806,0.018559675975478904
28,220,0.043814515185807854,0.5547526749481023,0.013507533959142197
29,215,0.5994436424455817,3.3403959015131703,0.006693154393841526
30,156,0.02512125150445946,2.8930380816712313,0.014833707125731318
31,236,0.5556684672503699,0.8636072459310901,0.0030516204441722204
32,114,1.7593220075714104,0.5959712802353428,0.0014015030293548997
33,136,0.38172160118890197,0.9590397806720407,0.019909341747501835
34,249,0.7582774246480465,0.028348050492662362,0.012445441619911747
35,253,0.17478032023532372,0.7796516328680422,0.02092201338692974
36,115,0.5551115113323887,0.150173802162766,0.014323040403020869
37,106,2.0958220942685903,1.7357325879517103,0.0018959366741907087
38,211,4.0425135443622615,0.07710953088354934,0.002478330683523812
39,113,7.890306468282477,1.9601648732352146,0.07050506397723674
40,207,1.876718043739711,0.2391134186840249,0.06120389510991849
41,101,5.133122019121999,1.23401920730788,0.016988399813007486
42,230,0.023077592936009132,3.0099178764967975,0.014530558741561365
43,250,1.5640963399640633,0.02002633458407612,0.013751596766301707
44,212,0.029757259468656035,2.8716802696968458,0.014082948427815748
45,216,1.3015056081537573,1.6547103997859536,0.00254890814724308
46,125,1.0714875559682118,0.44526266421046556,0.010589479696631423
47,126,0.04015362069099869,2.6175771210387015,0.014008492466461575
48,134,0.07743009329735749,0.7783699891916256,0.01355719940665644
49,257,0.02785014993392476,2.894177110471321,0.014318265947309592
50,138,0.45949738657514355,0.3873359357141567,0.01815739132772714
51,154,3.8556664226159936,0.35114859292400535,0.003863632604115461
52,240,1.9704822203049455,2.7193253225509024,0.002100170714884961
53,110,0.5898443842589738,0.5877133260813305,0.004490243202765165
54,208,0.5389636659358786,1.0064409932361462,0.0026270405766667883
55,235,0.02550015017955408,2.917805375918365,0.0137082619361583
56,133,0.024736868896757507,3.0203143905945864,0.01426553719456885
57,254,0.08063532279287813,0.37959952297638877,0.019060894513795307
58,104,0.029634292579236415,2.7669299994076284,0.014424286527036747
59,120,1.8162506862477745,0.432915599376022,0.025622723923481198
60,224,4.838050038893666,0.16893574738715256,0.001270891165592093
61,225,0.2374593581593526,0.4030829212368907,0.01423557682133643
62,112,0.21938344856140074,1.306329386643451,0.007047150315993599
63,223,1.0483444440886283,0.41797937978891886,0.0268086454443966
64,241,2.2600930135581536,0.23502938451354513,0.002643763106138538
65,259,0.6041260316237895,3.4902503822148354,0.006643035991643413
66,107,2.2783258163960065,0.3117733267902685,0.01071827412663935
67,242,0.574160829982144,0.42188631806638544,0.012227575206966008
68,252,1.6709228230227167,0.34624346168851844,0.0019642913392830716
69,151,1.4244083298648467,2.128886562499296,0.013409214924277033
70,128,13.443765799570764,1.9842002669697392,0.0004385025063958068
71,246,6.18786941316946,0.16147276830575816,0.004493625696177872
72,102,2.7150321299011195,0.395688026298538,0.005925908296348006
73,237,1.418509642976457,1.9714610960115293,0.04261810824091648
74,147,0.1786674408494918,0.48437828625544027,0.013560263748881368
75,210,0.8665925318572657,1.226511577447164,0.01257535920892579
76,157,0.2657520469223671,0.7578246065060219,0.008440834976231968
77,218,1.368506982553651,0.26058721680228414,0.02398737495200072
78,243,4.45166396425969,1.6773935474918436,0.009930998974295705
79,111,0.9619874768721974,2.7728749137227466,0.03144093013794335
80,206,1.1424878051593066,2.1761818301350764,0.008268927534073604
81,251,5.009822525128217,2.0275357477046185,0.002554839484512822
82,116,1.913268977191771,3.0551327526465126,0.0016531494822127457
83,131,0.04129704958937383,0.618165836999996,0.014052065332310815
84,142,0.019659870708627146,3.376009845545051,0.01451560002937027
85,121,0.9071245489628492,0.5795823804921547,0.005069556596962131
86,205,0.19161886024101132,2.43289822131191,0.03429794639546037
87,132,0.059846258647272076,2.2385614091293364,0.017458421705110437
88,233,0.3027754277884775,0.666752193788112,0.03306314170034263
89,226,5.06676734395091,0.7696714562946462,0.10659253148507644
90,140,0.1789783704647175,0.5144560334117451,0.016150123919561728
91,117,0.2294864933089667,2.968234456466634,0.008520449005664716
92,135,8.513399039626945,0.14625173287057086,0.0019783413174719847
93,127,3.303337845703551,2.518294120864489,0.0021546434498198935
94,108,1.4849159268072996,0.534049231584146,0.016414652506994944
95,222,0.618800431572289,0.3224824595366219,0.003384317898602282
96,122,0.043339047753187324,0.7872605666972222,0.014724650132696622
97,141,0.021732788585928267,0.7843476832394028,0.014965311888217488
98,145,2.128885902129711,0.883423594593628,0.005172403492552949
99,245,0.022714277820543662,3.084913452273285,0.01472346743616444
100,109,0.07262175904283955,0.8932156623142077,0.011924942006664746
101,213,1.3148588187080827,2.5740474434528866,0.0149104030117506
