0.1209523581  
-0.4547070601  
-0.440939178  
-0.4656165504  
-0.1681502792  
0.1205190968  
-0.4223485376  
-0.4414152789  
0.07369706343  
-0.5011370077  
-0.33533614  
0.09802455219  
-0.0893423238  
0.434397326  
0.3787873197  
0.2566708281  
-0.8414650647  
-0.4941348163  
-0.5167568044  
-0.2788569216  
0.02796945745  
0.4343322081  
0.945562314  
-0.001754937571  
-0.1220451713  
-0.2175727764  
-0.4643120491  
-0.3793702098  
-0.3554909741  
0.01836046302  
-0.6444765927  
-0.6185368063  
-0.2334690604  
-0.5377905853  
-0.07993952205  
-0.0165721083  
-0.1160698883  
0.04282635727  
0.6043937549  
0.3292778391  
-0.656990934  
0.04987396623  
0.08901896411  
-0.4349719281  
0.1223127199  
0.2068640593  
0.3352328115  
-0.3783595731  
0.341216799  
0.4182927249  
0.3113256338  
-0.2467693753  
-0.509602534  
-0.2110935232  
-0.3407482947  
0.2763024888  
-0.1765199095  
0.5081732983  
0.2781469968  
0.2154366497  
0.1551380977  
-0.135330249  
-0.1554273594  
0.1201549438  
-0.2878313229  
-0.1882939561  
-0.2609981879  
-0.2687707487  
-0.07470088043  
0.1941217729  
0.4795220274  
-0.1606230897  
