0.5637582757  
0.6786487344  
0.3970161023  
0.3007863706  
-0.1226207419  
0.001602862622  
0.1573140929  
-0.1942662584  
-0.1745755957  
-0.4211596431  
-0.1942894551  
-0.1388762704  
0.09946724198  
0.1163543483  
0.2193608004  
0.04049088585  
-0.05717689928  
0.1065045638  
0.2967022803  
0.02404149323  
-0.0868415668  
0.07705389673  
-0.2797427284  
-0.1113314833  
0.3788887205  
0.8200354313  
0.5233595988  
0.1452988437  
0.1920712393  
0.1080208574  
-0.1915484073  
-0.6129103198  
-0.4060620539  
-0.1169019575  
-0.2229124518  
0.1143066359  
0.3617381103  
0.3134130957  
0.3264566168  
0.2923344879  
0.1045101935  
-0.3617709308  
-0.4162590034  
-0.4124890788  
-0.0707145894  
-0.4274019664  
-0.3582046394  
-0.1256085882  
-0.5820476217  
0.1869304295  
0.0953105247  
-0.4534430242  
-0.1428841074  
0.3888249553  
0.4616705097  
0.3338491382  
-0.07070631429  
-0.2319378928  
-0.2553875343  
-0.6657024694  
-0.6395686095  
-0.2666206913  
0.135503517  
-0.434302609  
0.5861957087  
0.3589186906  
0.1640960941  
0.07869977203  
0.1539566696  
0.1298267194  
0.2988786658  
0.7878428922  
