-0.07659427077  
0.1599207039  
-0.1208815488  
0.1377448357  
0.2926193001  
-0.192090099  
0.02330425416  
-0.3333899263  
-1.2754595  
-0.3810618186  
1.041683356  
0.9366942473  
0.3466430432  
-0.1623500189  
-0.244851928  
-0.1669288074  
-0.1168861751  
0.3495808158  
-0.6072276656  
-0.6179148859  
-0.06751100405  
-0.1768586414  
0.5554631897  
0.5125787193  
-0.2046517945  
0.1364505785  
-0.3668311462  
-0.4268363725  
-0.6964134413  
-0.2007850203  
-0.07977973415  
-0.1751576635  
-0.5215773728  
-0.9621615604  
-0.2436517457  
0.1697135566  
-0.326119999  
-0.003969921485  
0.5820719223  
0.4939015235  
1.438816115  
1.37888803  
-0.4658835001  
-0.713694772  
-0.4633683962  
-0.169255406  
-0.9238554404  
-1.458870552  
0.3051059623  
0.3952802198  
0.7049101064  
0.1664323674  
-0.3225019378  
-0.532374903  
-0.6013934581  
-0.05011218828  
0.3833654303  
-0.3506987393  
-1.160366392  
-0.6291495937  
0.281294022  
0.3963578939  
-0.6460856248  
-0.1967383177  
0.3282373226  
-0.1099130478  
1.094479509  
0.8163129191  
0.150060478  
-0.1974542463  
-0.7421180953  
-0.6265130184  
