0.0717968028  
-0.09536171087  
0.4618027536  
0.8622702153  
0.2108224932  
-0.0326554576  
0.2916134094  
-0.2204915615  
0.4631331868  
0.3222568886  
-0.0644901337  
-0.6556285561  
-0.04357662121  
0.5958769563  
0.05790870597  
-0.09496299373  
0.7565808426  
0.7170836439  
-0.5233846354  
-0.5055089198  
-0.1964741671  
0.3387273681  
-0.6031695712  
-0.3992822684  
0.4247488213  
-0.2533575541  
0.5118884146  
1.16857133  
0.5687874685  
0.8694619685  
0.330226959  
-0.3055771036  
0.2988123829  
0.1284901222  
0.1752690163  
0.1843658459  
-0.1000427902  
-0.1671088854  
-0.9155640951  
-0.124651612  
-0.1177294907  
0.1693134908  
0.9818791675  
0.1251544507  
-0.8514810732  
0.1444354898  
0.5794310437  
0.1272136692  
0.9160842225  
1.822553205  
0.5350985856  
0.03601598289  
0.145713885  
0.2855086521  
-0.106737198  
0.1204021581  
-0.522880964  
0.1629496095  
0.6726015887  
1.004904513  
0.1816049936  
-0.4888786849  
-0.7406254451  
-0.8539309211  
1.015577987  
0.7250687396  
1.204528449  
0.9345383189  
0.7004358692  
1.176409215  
-0.7681661917  
-0.9596570456  
