-0.4229946387  
-0.2164503744  
-1.013382749  
-1.244514549  
-0.3794715531  
-0.05712460334  
-0.2979765025  
0.2418334164  
0.2757266667  
-0.104805141  
-0.0938541599  
0.9673297844  
0.4941133076  
-0.409766819  
-0.8173673561  
-0.2652026084  
-1.161659212  
-0.8709180073  
-0.0194982306  
0.05909979226  
-0.3423613122  
-0.6962193909  
0.7078712888  
0.33806061  
-0.1733305501  
-0.1779932276  
-0.5571401037  
-0.6146218565  
-0.9815046054  
-0.8468737006  
-0.5367543818  
-0.5166129239  
0.5371599716  
0.1728730329  
-0.5210396634  
-0.1362978287  
-0.3399249827  
-0.1581411553  
0.6532532404  
1.020530607  
0.2819227735  
0.3249368232  
-0.9986158813  
-0.5202066572  
-1.050671886  
-0.2218528723  
0.4219357356  
-0.3382701817  
0.2058225949  
0.07133544746  
0.06808878121  
-0.2742314241  
-0.6799682473  
-0.7297982414  
-0.5870776486  
0.008738582856  
-0.218518203  
0.9484785693  
0.7980410376  
0.7881745735  
-0.09412080785  
-0.2935783808  
-0.6339577365  
0.1275905855  
-0.03892438028  
-0.2559810261  
-0.5927624671  
-0.4162900785  
-1.106320317  
-0.7658544818  
0.8433921023  
0.3249053439  
