-0.1729282332  
-0.08560119786  
0.5570277581  
0.3298205278  
-0.04063817795  
0.07502999314  
-0.2956926243  
-0.2429508933  
-0.02802426206  
-0.23723003  
0.2199110189  
0.256016076  
0.1905918041  
0.2265382284  
-0.1581489757  
0.26140727  
0.1709175926  
0.1686570177  
0.1783922193  
-0.3079796264  
0.07616902621  
0.6446385251  
-0.1583153853  
0.06023461842  
-0.01237325682  
-0.08390934069  
0.1224294567  
-0.115031343  
-0.2179190343  
-0.1090066281  
-0.2882872515  
0.1580955754  
-0.2171413339  
0.2208091864  
0.2317446923  
0.06726030505  
0.495926156  
0.4891610204  
-0.02092303299  
0.1869580617  
0.2931632548  
0.3035272125  
-0.06461856833  
-0.7988707695  
-0.07300041854  
0.04585494259  
-0.3479478125  
-0.03674776984  
-0.004913881421  
-0.2023724026  
0.08378610809  
-0.2708982608  
0.09500622477  
0.8834622836  
0.9398746374  
0.07432413209  
0.2204093088  
0.3155422947  
0.1203398289  
-0.1224796997  
-0.06833098905  
0.2134121019  
-0.2416994666  
-0.2242299903  
0.4880433588  
0.4367945387  
0.09979059194  
-0.1080628572  
0.2876579673  
0.1600320918  
0.3687731969  
-0.1454778669  
