0.01014759638  
0.07410837164  
0.4415967983  
0.3520559624  
-0.1079969409  
-0.2844904328  
-0.2417395724  
0.03542159587  
0.06197437861  
-0.1983695446  
-0.05655411596  
-0.0251314655  
0.206871676  
0.02701422554  
-0.0908316713  
0.2802943686  
0.1133378299  
-0.01976925565  
0.4152140267  
0.06169898219  
0.221196689  
-0.07530881677  
-0.4123820618  
-0.28861865  
0.1861606304  
0.03527151273  
-0.2723373651  
-0.6174284458  
-0.2030373016  
0.01288227184  
-0.08656699888  
0.07171549898  
0.2800628586  
0.3599186251  
0.09400912751  
0.6482173989  
0.6542122135  
0.4192380715  
0.3247183128  
0.379556654  
-0.4078854366  
-0.3772136487  
-0.6128754898  
-0.4141499011  
-0.1633979955  
-0.2035255688  
-0.2256324205  
-0.006571821306  
-0.1175363229  
-0.1092295293  
-0.2560330006  
0.3179537192  
0.7922117297  
0.5031003525  
1.186647163  
0.9798688941  
-0.2945316051  
-0.3463343995  
0.1851351308  
0.2683749642  
-0.383295199  
-0.294497059  
0.06331582336  
-0.127061312  
-0.02350392904  
0.1767798945  
0.2350488257  
0.3835012151  
0.05099157539  
-0.05024852833  
0.4199015965  
0.6104370264  
