0.3702839586  
0.6123482585  
0.1393150184  
-0.5321290289  
0.2047728457  
0.2400657766  
0.1143088413  
0.0953284403  
0.540488591  
0.7939772394  
-0.3947010276  
-0.3634840721  
0.343607263  
0.4824777693  
-0.1510680985  
-0.4453456142  
-0.3584346246  
-0.4793833298  
0.3548813354  
0.9642275533  
0.1180042542  
-0.2650685101  
-0.6138749836  
-0.185923056  
0.4070609188  
0.4692293539  
0.5698057631  
0.8871803376  
0.116791813  
-0.3936127666  
-0.6090023153  
-0.8937396109  
0.1541768038  
-0.01515156827  
0.09508547481  
0.4890812537  
0.6308533918  
0.5461851413  
0.5415155954  
-0.04752675778  
-0.8189586366  
-0.3211752742  
0.3852315047  
-0.07658584847  
0.781830912  
0.9233852841  
0.236098017  
0.5450644968  
-0.3444583745  
-0.1267643563  
0.002382420739  
0.2320746455  
-0.05749772097  
0.2951713746  
-0.04563240771  
-0.3674413856  
-0.74116007  
0.5943754388  
0.5199841744  
0.3636963548  
-0.0488004805  
0.3463417221  
0.764558144  
0.6222812451  
0.7352627611  
-0.05978659395  
0.05171124794  
-0.00588650923  
0.2008562962  
-1.037345042  
-0.327164689  
0.05449713845  
