0.7035030676  
0.4116012634  
-0.06470006155  
-0.3493514155  
-0.1065834786  
-0.01972346905  
-1.114527389  
-0.5016555469  
-0.7234400399  
0.05271069029  
0.9661724389  
0.1846769359  
-0.1720194894  
-0.5023215429  
-0.3752568499  
0.04577688236  
0.2727866995  
0.297199904  
-0.09437247317  
-0.2759375887  
-0.4370094585  
-0.8969072908  
-0.02105543391  
0.8390998562  
0.1283471224  
0.4861902194  
0.186286548  
0.09889580498  
-0.06894183139  
-0.5878663647  
-0.6749062246  
-0.5186271539  
-0.2949677936  
-0.5085584327  
-0.4421798683  
0.12021389  
0.1507647005  
0.8813599013  
1.126978658  
0.4282643023  
0.6912417489  
0.4875890831  
0.1526621207  
0.267166608  
-0.4447360863  
-0.7806613234  
-1.111643483  
-0.6768907625  
-0.1350482055  
-0.2408415883  
0.4083586105  
0.04295618148  
-0.7826533365  
-0.6487380091  
-0.3749187844  
0.08143081079  
0.00216686108  
-0.3166924832  
-0.4632802375  
0.1045743377  
0.4210267888  
-0.3276413424  
-0.2233044316  
0.2972697872  
0.2500875506  
-0.4547343127  
-0.4430285469  
0.1522390735  
-0.4443366305  
-0.152089693  
-0.04917940504  
-0.4438257632  
