0.5378217133  
-0.400976847  
-0.2561563822  
-0.04162613082  
-0.01504447254  
-0.02234080543  
0.2546338962  
-0.3271365202  
0.6858750828  
0.5830934285  
-0.2932485818  
-0.2475793552  
-0.4539674071  
-0.06369405261  
-0.009529094751  
-0.1981980101  
0.2113551998  
-0.2185995568  
-0.1699150126  
-0.1425733962  
0.6438694525  
0.8345637892  
0.283495517  
0.07837595194  
0.3653833243  
0.2278637303  
-0.08870759833  
0.08705259428  
0.3033125659  
0.09082559957  
-0.2393897185  
-0.7610558291  
0.1500737328  
0.3547991859  
0.4628320436  
0.0511605771  
-0.1376788295  
-0.01215281725  
0.285639243  
0.32026344  
-0.40157962  
0.1726193187  
0.5621738991  
0.2684799554  
-0.187022341  
-0.07953076606  
-0.1826388947  
0.4208615163  
-0.1295193693  
-0.5317285626  
-0.2096332247  
0.242739662  
0.003323544797  
0.1452642972  
0.08630702717  
0.01140587453  
-0.4480054547  
0.2560089581  
0.2167926919  
0.4067822935  
0.1661732777  
-0.04752088642  
-0.0386070965  
0.2351576124  
0.4218634015  
-0.06230765503  
-0.8339567518  
-0.3757290519  
0.05925081445  
0.1163868408  
-0.01049884262  
0.2846701029  
