-0.2111302227  
-0.4746223358  
-0.2510030951  
-0.01978728518  
-0.3997041127  
-0.475073935  
-0.3003774265  
-0.1098175566  
-0.3031082271  
-0.3906603458  
-0.1134548498  
-0.1786005009  
-0.6028557859  
-0.6904402479  
-0.1472379414  
-0.8015602754  
0.1208162398  
-0.03591931957  
-0.4786946675  
-0.2796527587  
0.1189188634  
0.1151654261  
-0.4940426693  
-0.5329153978  
-0.3389676617  
0.06707969837  
-0.1517899094  
-0.6277668902  
-0.489284792  
0.2399242904  
0.3443333713  
0.2251614766  
-0.1490615112  
-0.4495612624  
-0.4151621975  
-0.4630609848  
-0.4115609621  
-0.2808404157  
-0.6386565486  
-0.3926786594  
0.18101922  
-0.1471018303  
-0.8498469587  
-0.6810433875  
-0.2987366187  
-0.03253904081  
0.6496228203  
0.3683180464  
-0.6089388915  
0.1452100798  
0.4963672218  
0.3294577787  
-0.2980364659  
-0.5904030142  
-0.4988158132  
-0.5087042633  
-0.7019602202  
-0.4695733802  
-0.3878217252  
-0.1974772905  
0.06160378152  
-0.1386390336  
-0.1728914054  
0.3177858326  
-0.3559485312  
-0.4658783344  
-0.4318530154  
-0.5701730903  
-0.4525473947  
0.02138269745  
0.2710987403  
-0.5388720074  
