1.352870806  
0.6625108689  
-0.9660288064  
-1.020793488  
0.01264186732  
0.5138096653  
0.3043875783  
-0.5412648242  
-0.1489824123  
0.3698494668  
0.6853530752  
0.3960899982  
0.04967925492  
0.2300567462  
-0.1298330748  
-0.4235981326  
-0.06682662215  
0.1652367025  
0.1257721786  
0.008837686558  
0.2596559198  
0.8018568269  
0.4879800609  
-0.6011232542  
-0.2081225186  
-0.1667195531  
-0.03323131721  
0.2192247255  
-0.2592032816  
0.4769853777  
0.2441328893  
0.2712151255  
-0.2079313237  
-0.2413443735  
0.138108671  
0.07269809655  
-0.1879197359  
0.09033211242  
-0.2646882914  
0.3375401728  
-0.3795605961  
-0.2953929089  
-0.8880710367  
-0.8328730103  
-0.1655959369  
0.2455899553  
0.4118209233  
0.02826133057  
1.185331507  
0.8396843366  
-0.04044921481  
0.06199530179  
-0.3627317881  
-0.6133948533  
-0.642518249  
-0.1856124667  
-0.2174061941  
-0.3148644406  
-0.1563678203  
0.250984855  
0.5596387634  
0.01270619662  
-0.5582089071  
0.1310326628  
-0.4966582601  
-0.09466693354  
0.7677889634  
0.6418198045  
-0.1126714466  
-0.8192192865  
-0.3829546202  
0.2241142263  
