-0.2513614991  
-0.1162325695  
-0.7655981812  
-0.3499108502  
-0.08609308614  
0.2396869087  
0.03817959904  
-0.2373208625  
-0.3137325841  
0.2893827863  
0.3666947472  
-0.6126682665  
-0.2838778245  
0.4307424781  
0.6766932765  
-0.06597379546  
-0.3812677092  
-0.4802696906  
0.0523815108  
-0.02081743334  
-0.3986336593  
-0.1433690839  
-0.01277919263  
0.5027712977  
-0.3584110512  
-0.02906636515  
0.7330401267  
0.4280422621  
-0.1981750888  
-0.3609664777  
-0.25826962  
-0.2985531071  
-0.1515884048  
0.05009008728  
0.4936953433  
0.310058616  
-0.3649577521  
-0.249940055  
-0.364559379  
-0.2068604597  
-0.007245452879  
-0.1533484804  
-0.7117764992  
0.08531727968  
0.09969619617  
-0.09085164435  
0.1880471208  
0.2917936511  
0.07988266774  
0.1413323529  
-0.2242661736  
-0.01760975159  
0.02184602415  
-0.4484068683  
-0.2554229509  
-0.4387578411  
-0.1325755636  
0.07450802448  
-0.01330825167  
0.1495190828  
0.3416929572  
0.05752493343  
0.2027383651  
0.1808091918  
-0.2159978175  
-0.2517838541  
-0.1171272662  
-0.4876833204  
-0.333369253  
-0.2631058312  
-0.09457543737  
0.1838114862  
