0.8535775162  
0.4561203332  
-0.7985652503  
-0.6964028323  
0.1644904605  
0.3754765146  
0.3586059796  
0.2984983209  
0.06230800344  
0.8455138555  
0.4868818376  
0.1887427884  
-0.2589707946  
-0.6155047454  
-0.09686239309  
0.4777020276  
0.2214372417  
-0.2068885337  
0.2722228364  
0.6580222229  
0.6347316219  
0.5785397699  
0.09068992876  
-0.1526534581  
-0.1977837718  
0.3383805571  
0.5275789542  
0.1475405064  
0.163510191  
0.02654349559  
-0.3457876723  
-0.224594319  
0.5772350403  
0.03542233455  
-0.5888634308  
-0.8691937289  
-0.4710051029  
0.3689814135  
0.7513705044  
0.4612650387  
0.4541206179  
0.01392314593  
-0.270987326  
0.7113718794  
0.501659899  
0.1352591682  
0.03929242805  
-0.06379816441  
-0.2921137481  
-0.6507974398  
-0.06977436946  
-0.2849221055  
-0.2576831824  
-0.09907773372  
0.4885645158  
0.6074252427  
0.5593091318  
0.1078944013  
0.2146635562  
0.4335109649  
0.02671162608  
0.1116324981  
0.5701464258  
0.3083277162  
-0.5185606732  
0.1714010597  
1.108822103  
0.3723136989  
0.3680580071  
0.002378971953  
-0.208385571  
0.1704592253  
