-0.1261560189  
0.1391856098  
-0.3841280472  
-0.1942004399  
0.1547663002  
0.379875976  
-0.04455486109  
-0.05152004962  
-0.3109253594  
-0.3932137125  
-0.3041346512  
0.1600054452  
-0.1094287292  
-0.6555349639  
-0.2563962216  
-0.04868169599  
-0.6512918523  
-0.2555302901  
0.5478600069  
0.367728131  
-0.4743324848  
-0.09914156795  
-0.1357268448  
0.5193481492  
-0.28114447  
-0.2630778806  
-0.04291253008  
0.1667833313  
0.1959444514  
-0.4038553654  
-0.4217111925  
-0.9442701732  
0.02711612731  
-0.4758790049  
0.01136861036  
0.55444708  
-0.5413332514  
-0.4332853614  
0.381635831  
0.2407835502  
-0.6032324111  
-0.5451124597  
-0.2712708473  
-0.1685236014  
-0.1127528842  
0.565926675  
0.3440568919  
-0.1204851238  
-0.09330233814  
-0.3471305066  
0.1512945615  
0.404581706  
0.7416754679  
0.06117700099  
-0.5688524367  
-1.079290986  
0.0108943362  
-0.3855646234  
-1.221781514  
-1.084113746  
0.05210894287  
-0.001107283133  
0.2259463527  
0.921149555  
0.7657453747  
-0.4817473296  
-0.7961507091  
-0.4761019016  
-0.8377928969  
-0.02489695894  
-0.1420874894  
-0.2204818526  
