1.594608699  
0.9777980748  
0.6224575807  
0.9624972313  
0.9421661325  
0.6629448018  
0.05319770485  
-0.08209167671  
0.5017854383  
0.893217702  
0.7950071425  
-0.02132144294  
-0.06560075786  
-0.0560158911  
0.3280852841  
0.2121468795  
1.23935267  
0.949300079  
1.308603511  
0.9375992348  
1.205071923  
0.9525470957  
0.5282848089  
0.3979321862  
0.2476925694  
1.04068811  
0.9802114889  
0.3053224897  
0.06143081883  
0.3554394813  
0.3108591337  
0.2260061784  
1.177333084  
0.7525156404  
0.3177683433  
0.3090147971  
0.6026139057  
0.41298294  
0.1908779622  
0.159685939  
1.237575272  
1.12236145  
1.044070314  
1.107800309  
0.5175075269  
0.4895090813  
0.6846813185  
0.327580961  
0.3767467466  
0.02897769385  
0.2508456983  
0.7552863709  
0.8908921296  
0.8581174158  
0.8480589547  
0.3211517662  
1.244096324  
0.5728911362  
0.911416903  
0.9564653379  
0.790946912  
0.2295653485  
0.2891450248  
-0.03561685723  
0.5651969356  
0.9960424026  
1.080465807  
0.8344734822  
0.511166486  
0.3776047635  
0.00434254236  
0.168757076  
