1.044705282  
0.4970718953  
-0.3594262772  
-0.03656871863  
0.8721909062  
1.346174807  
1.070972739  
0.5119333734  
0.2275258105  
0.009149634202  
-0.06847899947  
0.01478217995  
0.3176114594  
0.2874936454  
0.3667642453  
0.2425407192  
0.7033988407  
0.6165086338  
0.8310007275  
0.3894416888  
-0.3196961205  
0.1306564893  
0.7085548915  
0.7956996269  
1.046146836  
0.41003072  
0.3429146884  
0.5296106497  
0.6922149517  
0.8005513354  
0.3319121776  
-0.08904348236  
0.3024893303  
0.02352935231  
0.3739187183  
0.4735207696  
0.3783726383  
0.4167838133  
0.4971968517  
0.347285693  
1.247792621  
0.549541966  
-0.3608923274  
0.007637522048  
0.3404622931  
0.1795502107  
0.3213256533  
0.3327567166  
0.5537208596  
0.8196524235  
0.5172873072  
0.6337382006  
-0.125078394  
0.04102810356  
0.8605025218  
0.7549637814  
0.7439211679  
0.4675856052  
0.5345375796  
0.2667116499  
0.1212331936  
-0.1189264911  
-0.2114399009  
-0.1581306579  
1.2117283  
0.7432286727  
0.6229311782  
0.3116576222  
0.1628480741  
0.1519828342  
0.1825387916  
0.7956049069  
