0.09513598249  
-0.2428581636  
-0.3843808329  
-0.2362127394  
0.02943271555  
0.8863969495  
0.04195232219  
-0.2864779779  
-0.3770259555  
-0.1008691603  
0.230165011  
-0.07836976978  
-0.649685695  
-0.9047609799  
-0.8325836215  
-0.6961753924  
-0.3252517612  
-0.3801450337  
-0.4850303331  
-0.09813782455  
0.5973701222  
0.5183416048  
0.1811883801  
0.02746237834  
-0.5236665693  
-0.2976108608  
0.5794532934  
0.4168050524  
0.3743562876  
0.0801934843  
-0.5384581269  
-0.6739879823  
-0.6096933006  
-0.3940191657  
-0.6124554892  
-0.4842080639  
-0.9083019673  
-0.4084454928  
-0.1161393792  
0.0116010718  
-0.280271897  
-0.8216431853  
-0.5259437475  
-0.002441071292  
0.4938046869  
-0.005210893621  
0.04343094157  
-0.05016058448  
-0.10834743  
-0.2746709168  
0.283357652  
0.2830818092  
-0.464930983  
-0.564123615  
-0.3977388598  
-0.2051357631  
0.1472839521  
-0.26247518  
0.2760074958  
0.02204610486  
-0.1565274918  
-0.2686119816  
-0.02532195104  
-0.3266687758  
-0.353799607  
-0.3957960927  
-0.03254194028  
-0.09852422539  
-0.4226345446  
-0.03573115547  
0.2889989865  
-0.2313952595  
