1.409743616  
0.2942095705  
-0.4973615224  
-0.8890149535  
-1.10519547  
-0.6705639449  
0.3081193943  
0.1771825113  
0.2498952588  
0.4435177718  
-0.2645988692  
0.1535341249  
-0.1240753322  
0.02295815768  
-0.5662339424  
0.2941112223  
0.2160331426  
0.7299114223  
0.987377984  
0.9269000233  
-0.562046541  
-0.707073783  
0.3148280586  
-0.1000341148  
-0.7161646476  
-0.3923860718  
-0.6160074547  
-0.4634773253  
0.1399863778  
0.6544639519  
1.015865684  
0.242183715  
1.4310815  
-0.3874706316  
-1.39987937  
-0.5283897349  
0.5382527387  
-0.01978469807  
-0.2840197502  
-0.1993659484  
0.1794022396  
-0.2059431786  
0.1737797848  
-0.3766953875  
-0.6086802734  
0.1214173236  
0.1463471316  
-0.3269464887  
1.089815063  
-0.8287455338  
0.1479481616  
0.5869133735  
0.2547290898  
-0.08623062741  
-0.05805721016  
-0.1114450138  
-0.01112444032  
-1.034931073  
0.2062518681  
-0.0173905057  
0.2883453546  
0.2277912078  
0.03119201787  
-0.2325579046  
0.3388829145  
0.8229617055  
0.7799043422  
0.3514713743  
0.8554704409  
0.1436594815  
-0.2330861543  
-0.3616608287  
