0.9805842212  
0.7129236666  
0.1454859727  
0.183580192  
0.5194757288  
0.2052178924  
0.4699880467  
-0.06757862886  
-0.1298761448  
0.1193544746  
-0.3565639998  
-0.9397607767  
0.3427182538  
0.2619241379  
0.3687042547  
0.157782953  
0.6693508605  
0.3706399153  
0.05314511708  
-0.2829751763  
0.06418626184  
0.3196036903  
0.2937873413  
0.4742533499  
-0.06256893357  
-0.4907432815  
0.106216589  
0.2289637716  
-0.01245102152  
-0.3024991702  
-0.2221751705  
0.4186975452  
0.3337083012  
0.2453303435  
-0.01115165773  
-0.4435297129  
-0.4597332272  
-0.8671110819  
0.04167844728  
0.5805306246  
0.5655830816  
-0.4620791489  
-0.4881149298  
-0.08046133385  
0.3366961565  
0.3902860342  
0.09839787449  
0.4045044131  
0.3546955284  
0.7222786358  
0.3009742428  
-0.248295074  
-0.2771030194  
-0.222633263  
0.1869371776  
0.2558111582  
0.2929026991  
-0.07119483186  
-0.418496903  
-0.5063671375  
-0.4636314391  
-0.5084685715  
-0.3862338802  
0.06100452087  
0.5397524472  
0.3537287278  
0.3914490699  
0.5729182433  
0.0685978524  
-0.32703566  
0.01503547105  
0.5726732353  
