-5.891917091
-0.3441970286
0.2563128271
4.575256225
2.098230219
11.71452919
1.378363023
-1.283476596
-1.154371937
-0.09899894751
2.939833283
1.86459681
6.226483282
-6.938740407
4.518285414
-0.43006587
-2.192796153
-2.854446597
6.146514984
3.065102947
2.481272844
-3.222383879
-3.10601307
-1.678225259
-3.691777145
3.034134904
-6.400969907
2.510480582
-17.23558667
1.181802412
4.243125167
1.020821671
-2.50867503
0.9961013876
-3.442886746
6.088930782
0.7561391639
-8.697591973
3.397721952
0.4172809406
4.54006812
-2.905348409
7.355642316
1.524590583
6.288320243
2.615529597
5.326506149
