-2.78530781
-2.402454652
-4.328388657
-6.398054959
-1.565770313
-7.044915453
5.359337013
-5.114094521
1.977975826
3.729620148
6.388079286
5.038297723
2.485542977
-11.37172931
3.223316658
0.4583082628
-12.84801256
4.96502174
-1.23336127
-2.828899339
0.6803252404
8.894706751
-0.201504849
3.120713084
2.9702557
4.417057513
-12.09770129
3.307052445
17.81030368
6.049234731
4.61205151
0.6177046438
-4.701615737
0.3958391473
1.222985981
-4.44756188
-0.5010466474
-3.645000906
-1.65935983
1.82564161
3.688037025
-0.4662340172
2.48567645
-5.402028627
-3.760477557
0.875030029
1.975629084
