-8.004941774
-2.858647454
0.02219224731
5.749677801
1.865655741
-5.984649399
-4.472070726
-3.19884951
-1.041737527
3.579894011
5.029852822
1.145743858
-0.7512258093
3.722790114
-1.582567845
0.9418084765
7.654572541
0.2198170881
-0.4505803369
3.661676277
-1.563349622
4.422605299
-0.8865533212
3.430563058
1.957376792
0.1601964236
2.352306486
3.391734962
-16.42300075
-4.034094612
-8.455831559
-1.568106239
0.1547788895
-1.1555141
-0.9589916897
0.5408782896
-0.5134862438
4.169775757
0.478856747
0.4868564507
0.1373609591
0.994125708
3.343470395
3.296905535
1.093800409
-0.02565715305
4.886713478
