-6.083767111
-10.12072024
4.759023313
8.211709367
-2.023082131
9.304485117
-8.546454668
-3.240147647
15.99701055
-2.984369071
-21.12641801
-3.665231404
4.150056429
-13.74615987
-13.44787945
14.22500678
16.19962198
8.218296238
3.659156552
-1.017975433
2.963156728
11.99712409
3.040670137
21.47392019
7.904105855
10.00997694
9.728775833
2.466855929
16.44089229
-2.012076226
12.3769562
3.466244428
-6.603903531
8.747742483
1.447333103
5.357083285
0.6404240245
8.077107704
0.8561943713
5.690095393
2.971863213
-4.263466247
7.654201235
-2.281722214
10.55567895
-0.3933281927
-7.267999259
