-4.032449804
-3.42234986
-2.137654481
-4.732395724
-1.569866734
6.733634207
-2.395778483
1.839668693
-12.20606208
0.1874092794
-2.544772351
-5.216601746
0.8040206582
-4.693225767
-1.186865008
5.305604621
1.625602666
-4.259285175
-0.5634450418
1.076781517
-2.003106232
0.3184812196
3.617929328
10.03504434
7.903607356
5.058695411
-5.004823661
0.6398936988
0.6439944721
-5.677939513
6.039023596
1.399802967
-3.213580062
-2.630361561
19.72151623
-1.497920481
3.941357385
2.965796808
2.375524699
1.106347555
-5.085035996
-3.706860775
11.227692
5.203008622
-6.523943017
-6.721342851
-3.33655709
