-1.377779342
1.080164906
-1.477277154
1.646628545
-4.9397915
-2.691103705
1.097178965
-2.318802218
-4.187933423
-0.9841628408
-12.33148004
-0.4926407471
-1.099381367
-3.008724357
-2.137768461
-0.1496886266
-2.348048377
-0.2906439277
3.548599721
1.855416379
1.634069299
1.403566567
-5.270164991
-0.05673339571
6.383928746
0.8689026263
-2.301101844
0.9940664972
0.6478898462
7.130058157
-14.76162225
-1.090500198
-0.4377487371
2.518210152
-0.06525929733
-13.5708452
7.500846618
5.182240215
8.908664797
-4.367660926
-3.767739983
10.48000239
9.247512323
4.300976983
3.438312785
0.8463213495
-0.1311091538
