-4.322845151
-8.604301504
-6.186135611
-10.74710447
2.386782426
2.304541934
4.254898039
1.869127331
-11.63508526
-1.440085908
-3.361595649
1.556539409
-3.228582895
5.948536728
-0.06123903653
-0.3779900229
-0.2482786282
0.6671852107
3.523708284
-0.9065375727
-0.6017326036
-2.225968635
-4.424432581
-0.07766215698
-4.073636615
-3.325321538
-2.645435491
-2.860832285
-5.024802836
12.45545458
-3.617710605
-4.725580703
4.883299714
0.05223598947
12.89968948
3.600893028
-1.974872848
-1.963273345
7.324485447
0.3666995965
-1.295575794
9.500421654
2.726638102
14.86631836
3.882849821
2.503341248
-3.115679889
