-6.051291435
4.295699403
-0.568696289
7.977044378
3.266806654
1.47328663
1.7998789
-0.1922027156
-1.344741386
-2.19792808
-3.375386505
-0.07537081238
-0.3729247402
2.184138824
2.864106731
-0.693419427
1.262208076
17.25622979
-3.899567493
3.088478662
-2.313388799
-1.966908583
-1.090163778
10.73563482
0.1109797184
2.573351008
0.5343598404
2.366252605
3.828553441
-0.4934395591
6.218026051
4.573107186
-4.372686904
3.601995258
-14.27103367
-1.930839225
7.076454917
-3.896097663
-2.430160966
1.197449424
6.521279982
-6.566448283
-5.538311238
4.612346424
0.1926355414
-2.862980801
7.551780986
