5.132220124
-3.075172019
5.050419872
9.618974356
-0.6423045911
-7.772166536
-0.4628461562
-1.663607486
0.6804636209
-4.717081005
-7.195818859
-0.9961937676
0.4925921669
-0.9580906361
-0.7271777479
0.217997579
4.759611478
2.717437849
-0.6592700297
-4.187413971
-5.217491849
9.544735356
5.40701197
3.226218158
-2.232427923
-3.722139607
15.45953736
-3.86503967
-0.4587397654
-2.165225415
-1.331093706
1.246947423
-2.942337138
4.994506279
12.15973697
8.79941321
10.19348243
-4.158421119
-4.620925693
-1.43587942
-1.893293845
-2.784494352
2.186524442
4.072221356
6.439011028
-1.565435056
6.518645506
