0.1216062152
-1.668350668
-3.207553867
-4.700621129
-2.975128376
-2.918442883
2.30438825
-0.01156579347
-19.54666388
0.6622297071
5.563124382
-2.149197691
7.39625257
-3.64815139
1.099150877
1.628193058
-9.319009789
9.769756667
12.46350826
-1.038533574
1.573984105
-3.740833013
2.212572926
-1.11271824
6.983090692
-3.397562745
-4.349000133
-10.01900604
0.02581312734
-4.579468802
-4.001072049
-1.553882612
3.076244654
-17.52168452
3.227023296
-7.964531897
3.274214193
4.3374077
-0.4214501135
5.620057053
5.892518967
-3.913888418
3.055462213
-8.381802624
6.34479622
0.1216996466
-9.437531655
