-1.058805884
-8.850455642
-9.88953
-18.54593844
-6.605214191
12.78542139
1.893093431
-5.526200117
-19.90761553
-8.254206884
9.156584629
13.114464
14.14241211
1.09442107
-6.575243705
12.21070876
-12.06309387
-12.03139926
-5.607843957
10.89768457
-2.745827698
-3.63703206
5.329263148
-13.70288866
-11.84945699
3.465811678
8.406465684
-7.946631589
-4.843764949
3.825080528
-37.08362643
-14.20145973
4.35773679
-12.30835657
70.68723125
-17.19365356
6.132500951
6.448804342
7.631368915
-7.765697246
1.287522876
-4.303662519
-0.3605264624
31.33595293
1.959179707
-3.839842802
-9.078739007
