-4.167612013
0.002731601397
-7.442925386
-1.912125502
0.008129838677
3.343732276
-22.4627551
-4.136149421
-4.877341739
-8.630188965
-3.071236964
-3.877031648
9.697236189
-4.190324437
6.149191137
-9.464024706
-23.62537974
3.921873133
3.142337894
6.447814306
-2.847134797
-6.299807456
10.01462016
-6.95748038
16.71822987
-8.228041432
6.401542925
-7.514155703
-16.84183541
-5.542087314
6.476570273
-1.817535896
-0.9174371277
-12.83761392
-36.69829659
10.53116359
5.945467131
-2.406064945
-4.167647678
16.56306337
3.041901217
-8.540653626
10.69406605
-28.45252473
4.509549892
-9.125994329
-8.474730111
