-3.047318003
8.920532491
2.315772878
1.884940594
4.126321443
3.130883907
2.137537234
2.554415823
-0.03900078645
-3.471002421
-6.49041569
0.06470115875
9.748496001
19.47393022
0.9640393653
6.519932384
8.200450961
-8.415816724
-2.053739441
-4.005929049
3.29221148
3.304308681
7.467459634
-0.1705241807
8.732594407
-0.3814072872
-1.091520251
-1.783297763
14.05634314
3.305221824
2.906463368
-6.255415805
1.777790708
0.7942328926
0.1118583679
1.222059227
3.465827831
0.00416699993
-7.590779624
-0.01182492999
-11.04012121
-9.618276405
-2.434819677
21.14630207
12.20860895
8.630334761
3.846852956
