2.624592978
-0.2128684955
0.7018394985
4.5124783
5.206084172
-3.985281789
-3.624332694
-4.171269526
-0.8769646343
-0.7970645375
-5.272685671
-2.560408293
-1.338861156
10.53879134
3.160006159
-3.10092147
-2.641648342
2.357995567
-2.257686242
1.743826922
1.973018278
1.399853306
-4.716102348
2.807588688
1.843281578
0.9392363298
0.1942595184
-1.142674033
-8.099503104
2.253315349
-2.621827159
1.072149934
-1.341902077
-2.676316019
8.339064053
3.367641234
-3.941489352
1.483720129
-1.912204996
-5.392998526
2.186029972
5.241311218
-2.367274025
-5.490521983
1.375373256
3.241651019
5.802081883
