1.419883824
10.26060404
7.482624613
3.312978267
-0.3048969378
-0.5041308427
-3.371957409
2.601293976
1.720623799
1.897948414
-9.362120773
7.82187768
-6.264111841
1.789811897
9.867651634
5.908320259
-6.430226648
-8.5238459
5.278352462
3.067108263
3.77138909
-0.2667542284
-4.259952312
-4.096317514
12.47901562
-5.094748306
-4.00975469
-0.9234174571
-4.274991317
4.393146455
-11.51724307
5.449042754
-2.310652626
-7.764238977
0.8301781196
4.85928541
1.722455184
4.012004127
3.32869743
-2.815248454
3.888930183
-2.908878339
3.370568887
27.03773754
9.989148043
-4.5095281
1.765297678
