-5.348988593
-3.532886861
0.006619123312
-0.2678370613
2.692259696
-6.057341133
-3.773166879
21.19810269
11.09552554
8.507785403
0.4075785225
3.734432188
-7.144083517
-21.65573404
1.687318165
2.202218082
-1.159919548
-7.962149019
-8.138903751
-9.827008733
-5.775837813
1.894340717
-2.785605373
11.49275559
5.773594776
-1.674462409
1.35980206
0.1580333288
-1.603858699
2.97950384
13.98010479
5.277612851
7.391819569
-0.8824550464
21.80272353
2.952316633
12.82294386
1.700540629
1.58182578
-9.520639535
6.383105773
0.329367451
4.151850309
-22.90042995
2.530692962
-10.58196484
-7.924704747
