9.830380724
0.839846666
-3.993247226
-6.772908327
0.699503463
8.519623101
-0.8095973298
-2.436491393
6.512180958
-11.19560029
-11.01334256
-3.208744611
-0.3242015185
9.519524565
-1.808226371
-0.725770203
-6.019782691
2.938330267
-0.6272623289
3.977872656
0.2377322947
26.4995453
-12.45272162
-0.04255850384
-2.408902865
12.02588889
24.24059375
0.642048689
17.54250808
-3.595376077
-14.58795421
-1.051866325
11.1814469
-1.211418175
-24.92642421
20.9093989
4.51606627
17.27006482
10.57830339
-4.614691115
7.139536296
13.79912335
-3.52568068
15.26720942
3.022764619
-1.457319851
-2.412144329
