2.895958379
10.98988367
4.303631835
-8.38652331
1.607527668
-0.823138288
12.31478158
4.022185504
9.361913742
0.9392330954
10.47094038
0.3749564863
-2.455506121
-8.025016183
-0.2640903855
-6.012473371
-14.36678398
-4.807658923
4.904209357
-4.823862422
-0.9122370282
-13.61418064
-5.387743645
-3.587715544
-9.409012798
-0.1214869064
-9.900215866
-2.275910917
6.245753828
-2.265865901
7.569874179
-1.075502617
0.5774349366
-8.931895594
-23.25014497
-10.16386135
0.820010019
-5.841398704
4.480042793
5.894633133
-3.576323939
-0.462097244
4.838161512
-8.619176918
3.621155259
-15.03607758
-2.49674807
