7.362726158
5.271428699
-2.037302828
-5.605072888
12.12283467
-3.143557429
18.16240438
-1.84615224
8.172536952
-2.617566909
0.9669521717
-3.630868047
-2.603248564
-6.611899257
2.006525922
-5.644941292
-0.1388064887
4.811388892
-1.552977408
-2.813350842
-1.12847192
0.9729045704
-10.26124843
2.619868709
-4.021230716
-12.60676168
25.31548739
3.248794281
2.876915931
1.635527147
6.021830336
-3.73764116
-4.748183843
-3.815261133
8.791436237
-16.22182128
-11.88587986
-12.16676762
6.748259948
-7.056672982
0.7388712466
22.22400539
5.424703639
-21.80105225
0.1490195451
-4.867301709
0.8595413818
