3.173431607
-1.264850451
4.60454688
-4.749640379
-0.9064842295
-7.472344388
1.625403693
0.1556742151
3.400816712
2.574688246
-2.202894759
2.418248559
-1.20997347
3.197579521
2.243556642
-0.9496254294
-2.131678582
-1.078095627
4.297721811
3.182578417
1.075312967
-5.554057232
-0.7624463828
-0.9086906972
-0.5115231749
-4.270437609
-10.79154861
-1.422524276
2.550764624
5.0583731
-0.1545863924
0.1762561236
-3.047654123
-1.961930353
-1.08450964
4.570330548
-3.468936581
-0.4050999554
-1.762844712
1.087467588
-1.750550634
3.184908159
0.2211454252
2.564085679
1.302137619
-9.244026256
-0.4007171371
