-3.278831114
0.08375861903
0.08021229882
-1.447078044
0.8624759858
-6.686133674
4.180010392
2.771564319
-1.309417268
1.10641276
1.10090342
-3.841411662
-2.059176129
3.183614815
0.5746911701
-5.216333241
-4.767774382
-0.3597367972
-0.6847412514
-2.515727104
-0.7088436958
3.039153786
-1.642306993
-3.508147134
-1.271059942
-8.258229888
-3.577000968
1.126352744
-14.55074988
-4.167391401
-1.202213788
-0.8718350897
-0.1843324352
-1.536464882
0.471122591
4.808694123
3.450414188
-1.188635321
-1.284022221
3.567322646
1.240011091
-1.436109691
0.575403509
1.341778796
0.8198338428
-0.1363319525
0.7912302939
