-0.006942079255  
-0.2307071941  
0.09404859452  
-0.1638223647  
-0.1942862446  
0.01873586915  
0.03160724926  
-0.02902766317  
0.02317401002  
0.03641594133  
0.2170893873  
-0.1725817617  
-0.7932488047  
0.06048783483  
0.2590506401  
-0.31240352  
0.1420348901  
0.0339733225  
-0.4993976566  
0.1935920097  
-0.3781523829  
-0.958674723  
-0.4161932323  
-0.4112727846  
0.2897038342  
1.192724772  
0.06799520787  
-0.5002708855  
0.3709043727  
0.1810226531  
0.2819978177  
0.1865262817  
-0.3121346412  
-0.2614626675  
-0.03687379744  
-0.08656168866  
0.3951292261  
0.09176631027  
-0.01470221873  
-0.2583777267  
-0.4806691983  
-0.5149051391  
-0.006866527231  
-0.4309803851  
0.005013780374  
0.4924587913  
0.227308682  
0.5926729194  
0.08581549851  
-0.1242156797  
-1.144519004  
-0.501598517  
-0.2637401596  
-0.4198718594  
-0.7550971949  
-0.03796490395  
-0.3274231024  
-0.4319588762  
-0.2394169904  
-0.333854501  
-1.011180051  
0.8315670031  
0.976159582  
-0.07828487632  
-0.1222474695  
-0.3131070812  
-0.3031889824  
-0.3890043425  
0.2611883698  
0.08657091836  
-0.4743031091  
-0.1621834049  
