-0.130156221  
-0.5276325326  
-0.02289537863  
-0.003296370961  
-0.02611178199  
0.09822658136  
-0.07279726294  
0.182998149  
0.3141894852  
0.4372700976  
-0.09698701268  
-0.4426099415  
-0.671547621  
-0.1523865875  
0.238304239  
-0.2957290412  
-0.347257542  
-0.2258965928  
-0.04230730049  
-0.1787877338  
-0.3763619653  
0.1385733732  
0.4530429466  
0.3464773866  
-0.2865839776  
0.3295378716  
0.7305510254  
0.302507417  
-0.04073009797  
0.2154054018  
-0.6274250716  
-0.7278112848  
-0.06284392586  
0.09051562695  
-0.01616426891  
0.3971592997  
-0.1729706449  
-0.3197464198  
-0.4740070863  
-0.2450311568  
-0.1727841583  
-0.6170286101  
-0.07042155474  
0.2913260013  
-0.05558735024  
-0.3874776626  
0.3007473324  
0.7117432905  
-0.3076666319  
-0.353366182  
-0.07018756773  
0.0401544814  
-0.2905278708  
-0.1401103413  
-0.04876462115  
-0.6190047837  
-0.214509741  
-0.340536748  
0.2051679759  
-0.01612217254  
-0.1060408871  
0.09497719062  
0.02031548596  
-0.03660346889  
0.3785625147  
-0.1713039285  
-0.6825465131  
-0.2809877004  
-0.0878978203  
-0.2417745865  
0.005876076065  
0.2927424045  
