1.503682328  
0.5633800755  
-0.1115231036  
0.3987377858  
0.5518360417  
0.5352134278  
-0.705331051  
-0.507571738  
0.8666377656  
0.5487116627  
-0.2121445752  
0.1896630229  
0.7729140736  
1.421576057  
0.3700529618  
-0.7569711842  
0.3082309957  
0.2664328756  
0.2056366362  
0.8483696372  
0.4864064016  
0.4478710741  
0.4186339457  
0.01700151084  
0.534705951  
1.072309691  
0.5837535344  
1.004070102  
1.183134831  
0.3484656136  
-0.2020987041  
0.3452570825  
-0.09835620224  
-0.5736055365  
-0.3084104998  
-0.1114583594  
0.168340828  
0.05071604225  
0.2539634654  
0.8004966021  
-0.2222106882  
-0.4014996112  
-0.7147318439  
0.2003362543  
0.8765746386  
1.105245545  
1.570044412  
1.638347305  
-0.3943406367  
-0.5003485515  
0.3996668156  
0.8384817478  
0.7570966839  
1.36760093  
0.6155291123  
-0.2771696209  
-0.5424523695  
-0.1312220896  
0.844576022  
0.7393010508  
0.09799047648  
-0.1277847559  
0.8609897386  
0.2723348627  
0.843408685  
0.4678958183  
0.2760580474  
0.6314359107  
-0.00940608645  
0.4665455947  
-0.4849674106  
0.02599558234  
