1.121888247  
0.5952283636  
0.1720193033  
0.07473888044  
-0.4817412201  
-0.415902351  
0.4329005236  
0.2484365328  
0.8032965075  
1.046466107  
0.9264578736  
0.4473050081  
0.3094658927  
0.1951437236  
0.1707575726  
0.5022309636  
0.8389125681  
0.6482867252  
0.2079496192  
-0.3792990027  
0.04178689763  
0.5547424746  
0.6057718604  
0.5384330224  
0.8873997629  
0.79288375  
0.711313809  
0.1086805366  
0.3529793059  
0.702914767  
0.4098714603  
0.2628544627  
0.4429257957  
0.4536442555  
-0.0147631889  
0.3741813605  
-0.06854603106  
0.1811646915  
0.06040786942  
0.3536581498  
1.912878585  
1.44553489  
1.100975781  
0.12613587  
0.2992367936  
0.5768156163  
0.7141471656  
0.03965576657  
-0.1696133988  
0.06657026132  
-0.06067413271  
-0.648780482  
0.05765981802  
-0.2431280419  
0.1635450485  
0.0961954545  
1.673993574  
0.6895522207  
0.420368218  
1.076666955  
0.8115169701  
0.1078553822  
0.5851401945  
0.6412468331  
0.7529528365  
0.2373025429  
0.2944690011  
0.3795276459  
0.2183777241  
0.5373245817  
0.4331027855  
0.08468592812  
