0.5121198508  
0.1748781246  
0.06020737317  
0.3518056149  
0.582565926  
0.4885312249  
0.2967775601  
-0.3267129518  
0.2309581695  
0.2387306925  
0.7379132228  
1.02952456  
1.41895754  
1.35809358  
0.7525074043  
-0.01491789833  
-0.05122267677  
-0.4055245127  
-0.5494045023  
-0.260727313  
0.1005498434  
0.4181353389  
0.02945140475  
0.08402281862  
0.3010916463  
0.2696029419  
0.1441684906  
0.4551586986  
0.4133176227  
0.4697990898  
0.1647072022  
0.4825408427  
0.2015116877  
0.2183836765  
0.5022693343  
0.6820384397  
0.4321451906  
0.3528261832  
0.2316365779  
0.1112703524  
-0.008161696556  
0.1526895883  
-0.2397489152  
-0.1089162756  
0.04619936625  
-0.2283960357  
0.3237727623  
0.2835908226  
0.5299601923  
0.4366556734  
0.894043794  
0.8131149803  
0.5928135032  
0.446623085  
0.6567113549  
0.7183084996  
0.4431863678  
0.3171822211  
0.1654167201  
-0.1468158968  
-0.2147944035  
-0.4029029359  
-0.2245037793  
0.3280024109  
0.1734787875  
0.2605477269  
-0.1734389203  
-0.3129392564  
0.6910239944  
0.9622956358  
-0.219662933  
0.5227587043  
