0.3595358752  
-0.1030176756  
0.3299352509  
0.1381866801  
-0.02947370404  
0.02781300065  
-0.01618105193  
0.4025306361  
1.103528048  
0.4891838798  
0.1003298561  
0.1419274868  
0.1227314879  
-0.02981500945  
0.09688174558  
0.1814125496  
0.1034521175  
0.3542157701  
0.3659262098  
-0.00308486133  
-0.1720512108  
0.1106365248  
0.3490908552  
0.2250735095  
0.1615945089  
0.4662510702  
0.708402185  
0.5037843556  
0.4058557851  
0.5635411  
0.1806539879  
-0.06064527256  
0.1947280589  
-0.1976128117  
0.4073939199  
0.7395160375  
-0.382180328  
-0.5666954745  
-0.003373417023  
0.2847065967  
0.5398293956  
0.3250183734  
0.1792446022  
0.3285750794  
0.5281994561  
-0.1764172372  
0.5249849051  
0.6502803046  
0.4463801467  
-0.5164929321  
0.108219879  
0.2115579353  
-0.8511545552  
-0.2867590295  
-0.1458932751  
0.08210907754  
0.315345224  
0.05785058223  
0.7638841748  
0.3255219073  
0.269452395  
0.3789158665  
0.3375726328  
-0.06822623842  
0.9232371784  
1.005442071  
0.02518663693  
0.4481783218  
0.3892864554  
0.03327123958  
0.3107038436  
0.03508313716  
