-0.2096702804  
-0.428345062  
-0.6819390949  
-0.8221004202  
-0.6943965529  
0.3955237809  
0.7924604804  
0.6876873499  
-0.1444800538  
-0.2266618862  
-0.2769336146  
-0.3731637274  
-0.177609551  
0.2685014088  
0.04224388439  
0.2356861463  
0.4131276235  
-0.08462974311  
-0.1501359032  
-0.8409169144  
-1.334670674  
-0.6782576236  
-0.4288619635  
0.04428847899  
-1.183765706  
-0.6171072915  
-0.2095063411  
-0.07294792478  
-0.1241029341  
0.5447312036  
0.6697739  
0.3760622569  
0.1449707101  
0.9282801419  
0.02271428322  
0.2396220275  
0.09221210723  
0.2693650914  
-0.453457797  
-0.9814188336  
-0.3547496433  
-0.5626500402  
-0.5530235185  
-0.7182669858  
-0.02567379226  
-0.2590808565  
0.2761158862  
0.9481172303  
0.3485526866  
-1.274528735  
-1.28939705  
-0.3390669076  
-0.2228323422  
-0.4125417393  
0.1313094699  
0.2464712788  
-0.7984528433  
-0.8331456374  
-0.3758094002  
-0.4425362707  
0.05342919179  
0.2873029594  
0.3644893534  
0.1955251781  
0.5917417947  
-0.4145710244  
-1.270337678  
-0.1816037511  
-0.1999303377  
-0.2475988276  
0.02615084225  
0.1910074241  
