1.087233011  
0.4646694287  
-0.2442788447  
-0.4030579167  
0.3590036562  
0.5983112621  
0.7154114485  
-0.07040527922  
0.4647737247  
0.1526037788  
0.4312807937  
0.265602253  
0.7087928743  
1.106490449  
0.1468938987  
0.04799592792  
0.63745429  
0.3742305692  
0.4880494351  
0.3931536094  
0.2475892648  
0.3548067197  
-0.03007397596  
0.2667001365  
1.184845464  
0.8739749068  
0.7954944831  
0.6431136172  
0.885006714  
0.8622094801  
0.294240476  
-0.3441040109  
0.8835790943  
0.3151493104  
0.2650854688  
0.216439415  
0.2589911559  
0.5134189676  
0.2367350304  
0.2196627083  
0.4821441714  
0.7189251229  
0.4526922431  
-0.2359871557  
0.05618535573  
-0.0167433278  
1.279314431  
1.618731699  
0.630513033  
0.6308669284  
0.6008692347  
0.4866149154  
0.5559566287  
0.2141996283  
0.01677179637  
0.601375239  
1.001294738  
0.9130251736  
-0.07235985782  
0.4146172908  
0.511336305  
0.2957508519  
0.3860276921  
0.3869186624  
0.6226467318  
0.2989211579  
0.1658975562  
0.1567329362  
0.09845078804  
0.5920778289  
1.057173753  
0.6163591442  
