0.4877189192  
0.7299557023  
0.7824901351  
0.8855061512  
0.8381947973  
-0.1320407175  
-0.6404291355  
-0.618257412  
0.2277316359  
0.5183224986  
0.5088044286  
0.8053409145  
1.518319201  
1.447193616  
0.7241088468  
-0.09388947103  
-0.1989712294  
-0.5547778473  
-0.194395189  
0.5802437169  
0.756421648  
0.03564185639  
-0.07926247921  
-0.2137841931  
0.2044569192  
0.1075482537  
0.4387242539  
0.4076881042  
0.5227457338  
0.4198009695  
0.07402485903  
0.1362586007  
0.5847041493  
0.4945072442  
0.7833426756  
0.1562200355  
-0.1100533637  
0.67883769  
0.7304659244  
0.0104151327  
-0.2666815908  
0.02817166706  
0.3500089492  
-0.2131682572  
-0.7225886808  
-0.5322743942  
0.5647354068  
1.266127578  
-0.2160180487  
0.06308068958  
0.6952916023  
0.8716582448  
0.8880367957  
0.6707888396  
0.588929484  
0.677932532  
0.5464729637  
0.3225360075  
-0.5629518834  
-0.7303034301  
0.09381482368  
0.5192825731  
-0.05473715596  
-0.357292594  
0.4642854647  
0.07106773889  
-0.2749449442  
0.02466916589  
0.4856482497  
0.868560658  
0.1997466922  
0.306745664  
