0.5174275192  
-0.3957957675  
-0.2595101398  
0.3185385337  
0.6641036071  
0.2241171219  
-0.3125845047  
-0.3533016701  
1.169346588  
0.4911422754  
0.1919366788  
-0.110807059  
0.4791783318  
0.5887001599  
-0.009310420529  
-0.4918085  
-0.2353748242  
-0.1041238355  
0.4930860783  
0.446848388  
0.4934022015  
0.725987359  
0.1271202252  
-0.6813492888  
0.8672837071  
1.261635492  
0.4680773461  
0.550548799  
0.7825557617  
0.3703087257  
0.1516359109  
0.06307124413  
0.0087228113  
-0.3517933187  
0.4501410232  
0.4576823491  
-0.1720925796  
0.2307506957  
0.410534145  
-0.4611627075  
0.1969380951  
0.2127933435  
-0.6248747187  
-0.5819603547  
-0.5755346486  
-0.0006033923036  
1.069226565  
1.224020825  
-0.211485919  
-0.6566938926  
0.199953223  
0.7485681072  
0.9809322587  
1.103067429  
0.8804657232  
0.8661270693  
0.4799286729  
0.429620259  
-0.4276397983  
-0.2871585887  
-0.03442110807  
-0.7360779001  
-0.619714331  
-0.03305490808  
0.09402863681  
0.1189026507  
-0.3041502389  
-0.4376129314  
0.1045940789  
0.7936533193  
0.6164055732  
0.5628313103  
