0.2055277006  
0.6657946978  
0.5779570013  
0.3938659997  
0.1397443687  
0.02597453331  
-0.2251877376  
0.0001524420707  
0.01863886804  
0.365404696  
-0.08289898454  
-0.2714529474  
-0.1851535194  
-0.1111288506  
-0.1830061605  
-0.1957677803  
0.7062102137  
0.4141106489  
0.2758039642  
0.677310213  
0.2618188873  
0.2354035294  
0.2521491405  
-0.3554323989  
0.06968690369  
0.00718493487  
-0.268906455  
-0.0007946792175  
0.05254986901  
0.247562978  
0.2577060409  
0.05093972658  
0.206916516  
0.5991678807  
0.07396339101  
-0.07949817776  
0.245861585  
0.4065820466  
0.2024390174  
0.06312509557  
0.149850855  
-0.06112608241  
0.7557088872  
0.5334534381  
0.4316341802  
0.5724675423  
-0.3332569308  
-0.8410230227  
0.1286124628  
0.04586240905  
0.2082909993  
0.1085294189  
0.1646275365  
0.2406857884  
0.3755299556  
0.1817048974  
0.5551462581  
0.3665782523  
-0.1985513598  
-0.01199874431  
0.302168603  
0.1075021936  
0.1781627302  
-0.6039135857  
0.06839029543  
-0.1694585048  
-0.27182581  
-0.1969007239  
0.1594979254  
0.08340715772  
0.1355691409  
0.2239324301  
