0.9919724047  
-0.0499908979  
-0.6081000189  
-0.8648644106  
-1.115712934  
0.7211432075  
0.7568721639  
-0.1144746537  
-0.7762244663  
-0.972781601  
-0.2816576208  
0.3156928723  
-0.6308664433  
-0.5215733729  
0.6659691393  
-0.2193126816  
-0.1927942559  
0.6262784226  
1.000546925  
-0.09994072418  
-0.971829012  
-0.9795330884  
-0.5454062671  
0.08901000801  
-0.1666787438  
-0.2097018951  
0.2797469952  
-0.1585758193  
-0.2229031568  
-0.2106548546  
-0.07280569651  
-0.1990437639  
-1.294492391  
-1.177953742  
-0.4631259332  
-0.0293852856  
-0.4071651097  
0.02896835782  
0.5780303088  
0.2577381144  
-0.09513209049  
0.1382249642  
-0.6948507508  
-0.2552435239  
0.5010571648  
-0.2602085683  
-1.293065956  
-1.768174997  
0.2523208388  
-0.1948870931  
-0.7569098018  
-0.5587366356  
0.5051386576  
0.7863367282  
0.1933475303  
0.211626557  
-0.310862892  
-0.7473979321  
-0.7384772428  
-0.2922135101  
-0.2970295298  
-0.7086614476  
-0.6838674901  
0.2491879873  
-0.2903684397  
-0.4634599164  
-0.8268534111  
0.4747139857  
0.8396528381  
-0.005806038432  
-1.028006127  
-0.7248270602  
