0.8462130208  
-0.01110200113  
-0.1444364394  
0.8259430434  
-0.1983711908  
0.123206628  
0.6185408525  
-0.201074968  
0.6395632876  
-0.4238120359  
-0.2251012669  
0.9034262339  
0.04259989077  
-0.8350791382  
0.03939960152  
-0.0382839953  
0.3582488643  
0.5873100924  
-0.1150910611  
-0.6238818247  
-0.06948574378  
1.03764273  
0.5770904071  
0.8808078197  
-0.3136372237  
-0.8486766  
-0.4321795303  
-0.5464301572  
0.4469903786  
1.073421288  
0.3336997832  
-0.8896947876  
1.555041871  
0.5531646076  
-0.2202551634  
-0.0129409452  
0.3371307121  
-0.4182292637  
-0.3703216837  
-0.7626014589  
0.1081049223  
1.431885782  
-1.682255224  
-1.908327763  
-1.919744777  
-0.3647232704  
1.015498847  
1.223917338  
0.6633221899  
0.2342851942  
-0.2305550477  
-0.7661662717  
-0.06058834826  
0.38172373  
0.6718546183  
0.5674580473  
-0.3943022504  
0.08901682084  
0.1181292877  
0.2023844842  
0.3852686988  
0.932157209  
0.1496168465  
-0.3778876874  
-0.3324908504  
-0.1967417339  
0.06468148628  
0.7765209992  
0.6080408847  
0.07377124068  
-0.5989214686  
0.2988240978  
