0.1131091161  
-0.1683093512  
-0.3819998147  
-1.441836042  
-0.4739726876  
-0.2080982878  
0.1011818711  
-0.2782630299  
1.749429449  
1.093041463  
0.101743293  
0.2386311836  
0.2350045423  
-0.7253171637  
-0.8036908709  
-0.1500168619  
0.5668652481  
-0.6318453963  
-0.02931841384  
1.136144297  
0.178235345  
-0.427553768  
-0.4671500227  
-1.739783587  
1.232770783  
-0.04354239843  
-0.1231651534  
-0.260212719  
-0.239276542  
-0.217329098  
-0.784248781  
-0.3693686383  
0.3525477795  
-0.8488609671  
-0.2026983455  
0.4904412737  
0.3140463421  
-1.173144074  
-1.05511485  
-1.046585061  
0.9494806516  
0.5141425462  
0.1575603422  
0.2594566531  
1.496045062  
1.025356826  
-0.5647409284  
-1.467600181  
-0.1420755477  
-0.3696486173  
-0.5567234002  
-0.8685357241  
0.0224746003  
0.5426669387  
0.5936919582  
0.1345604923  
-0.1185928191  
0.4953520145  
-0.1635668593  
-0.5820916751  
-0.07758888146  
-0.1246188557  
-0.182462285  
-0.05700702534  
0.1640044402  
0.4498674033  
0.3335112543  
0.08713947707  
-0.1290874358  
-0.3975535946  
-0.1045399038  
-0.377130978  
