0.24943189  
0.4273710548  
0.1821050417  
0.7955822376  
0.5811900572  
-0.2947525478  
-0.1831948449  
-0.06280216293  
-0.04860384931  
-0.05495613631  
-0.1977017423  
0.4808975881  
-0.01295839621  
-0.1787530253  
-0.0991330466  
0.0901134874  
0.3910685875  
0.4822888373  
0.4652326458  
-0.1610893962  
-0.1484769043  
0.03985690975  
-0.3043843295  
-0.2600271969  
0.09178082525  
0.2187098909  
0.1445375799  
0.178903214  
0.1108689156  
-0.2227556756  
-0.309679492  
-0.3713841142  
0.6876560241  
-0.2022598614  
-0.1874050355  
-0.3187395154  
-0.599677219  
-0.3239556603  
-0.08701349303  
0.05153108831  
0.1091496037  
0.6701482096  
0.1387371315  
-0.06073140125  
0.05234610065  
-0.3258613017  
-0.3169241194  
-0.2303386024  
0.6045344606  
0.07722962364  
0.05795507793  
0.3999488435  
0.2085589817  
0.7546058821  
0.5937934171  
0.09408114  
-0.139815394  
-0.02622359583  
0.3262371769  
0.1563640107  
0.1054062204  
-0.04299391131  
0.4320944892  
0.4268037408  
-0.1173433959  
-0.008220552278  
-0.09807271051  
0.3932331785  
0.4861436749  
0.2499576508  
0.2305431616  
0.07791784427  
