0.5922781929  
-0.1110179103  
-1.163651272  
-1.92901132  
-2.369769799  
0.009755298691  
1.03452603  
0.4890945583  
-0.2531253861  
-0.7048535869  
-0.4750214045  
-1.048986386  
-1.104604098  
-0.6365255329  
-1.04164853  
-0.2512348388  
-1.084370935  
0.4336683602  
0.2598577932  
-0.9172990404  
-0.7199563141  
-0.7420053757  
-0.6913803486  
-0.2912826448  
-0.278078079  
-0.8135925578  
-0.2868644458  
0.1436347012  
-0.2275379967  
-0.8718393654  
0.01406532318  
-0.3348193898  
-0.5082369768  
-0.5142001416  
-0.08621795397  
-0.003369955444  
-0.1985353788  
-0.8302671596  
-1.102305321  
-1.370350319  
-0.5072449454  
-0.311724302  
-0.1002836586  
-0.8841469504  
-1.140601203  
-0.7479455081  
-0.1852543429  
-1.622027995  
0.619428679  
0.7670743162  
0.7667883019  
0.8660527076  
0.3062593623  
-0.007572496604  
-0.9227760886  
-0.6115851653  
-0.4819273882  
0.5230081227  
-0.5884499209  
-0.7577208202  
-1.378095463  
-1.474288622  
-1.292069393  
-1.242432341  
-0.7271898522  
-1.13511875  
-1.547560155  
-0.14142902  
0.770367702  
0.7559559  
-0.4822080784  
-0.3782255639  
