0.4450975029  
-0.1776999896  
-0.2993043789  
-0.5612543204  
-0.1937641249  
0.1468226159  
-0.00955525619  
-0.2904298854  
-0.1380555114  
0.7964109598  
1.421209531  
0.4665320519  
0.2558087689  
-0.05754864798  
-0.04173531834  
-0.01955996199  
0.1566123565  
-0.2039605412  
-0.3726999343  
0.3123057922  
0.308899258  
0.6091161074  
0.415838431  
-0.266314781  
0.3021417364  
0.9238460431  
0.4395507693  
-1.030161974  
-1.065633986  
0.0995130038  
0.1151475926  
0.3732033368  
0.3121712233  
-0.6453878946  
-0.494327723  
0.218949705  
0.5021981805  
0.965816669  
0.5131233387  
-0.07170597552  
-0.2610386097  
-0.01894999974  
-0.003196805569  
0.1462605065  
0.3718872341  
-0.09222240503  
-0.7844381842  
-0.3418326716  
0.3040521084  
-0.1509138348  
-0.01063026738  
-0.3677060192  
-0.007358151414  
0.2795126288  
-0.02124885465  
0.02882754116  
0.5600958823  
0.09756932643  
-0.2091904671  
0.1211680764  
-0.4009308252  
-0.2425872269  
-0.2933712936  
-0.1080582167  
-0.08123977276  
-0.3045959951  
-0.4185544354  
-0.7410811041  
-0.6445602453  
-0.4470072814  
-0.09334706334  
0.6778219568  
