0.1096241304  
-0.2633850283  
-0.4178644916  
-0.5987245766  
-0.8672860421  
-0.694703994  
-0.3700015241  
-0.4263851677  
0.8428640949  
0.2542376402  
0.1105782939  
-0.08753605775  
-0.5729476524  
-0.5187464317  
-0.7880426467  
-0.7479580874  
0.1088227139  
-0.5698038191  
-1.084719576  
-0.7436127917  
-0.1607145773  
0.4950980075  
-0.10332652  
-0.376233991  
-0.4485824589  
0.2649246586  
0.03310916436  
-0.5876927384  
-0.2749253808  
0.1866969223  
-0.5524073148  
-0.5057609871  
0.1019944943  
-0.3356714165  
-0.3934098276  
0.3766482455  
0.3035823104  
-0.09618264973  
-0.352909419  
-0.6643841273  
-0.3057603635  
0.3755292761  
-0.7248910048  
-0.7458198941  
-1.101274784  
-1.019837649  
0.4872433967  
1.252183728  
-0.4522497095  
0.01511617333  
-0.628844872  
-1.140234651  
-0.2964781135  
0.4008806313  
0.3725919064  
0.2973092328  
-0.6237874007  
-0.641596639  
-0.8671604844  
-0.1186807572  
0.5560971385  
0.5250046428  
-0.07614642607  
-0.5466356851  
-0.9052057736  
-0.5496617007  
-0.8316169291  
-0.5670293138  
-0.1640755697  
-0.1079365812  
0.08782689411  
0.4525051403  
