-0.7776982008  
-0.3719433287  
0.06932825713  
-0.5202734004  
-0.8599057196  
-0.5755088525  
-0.5589954112  
-0.4516284415  
-0.3621316024  
0.7612015323  
0.3379820813  
-0.7553103833  
-1.054438897  
-0.8905915492  
-1.309158885  
-0.8750795832  
-0.4918378021  
0.3907699316  
-0.2335243457  
-0.6394822299  
-0.9218841597  
-0.1134120701  
1.011426521  
0.05863086213  
-0.890501017  
-0.7296331666  
-0.4030294834  
0.2368042322  
-0.6619107433  
-0.3343791652  
-0.6320968478  
-0.8232508992  
1.069901549  
-0.4850032568  
-0.7328195172  
-0.6883592582  
-0.5941665698  
-0.5187123713  
-0.984128934  
-1.444692714  
-0.334490153  
0.4279964417  
-0.3588972103  
-0.9526127627  
-0.8617027496  
-0.5676169705  
-0.5519464439  
0.005194245298  
0.5114579164  
-0.1086683501  
-0.5343808798  
0.1236562611  
0.04739905894  
-0.4982995991  
0.02779834414  
-0.2986821132  
-0.6136626052  
-1.019165211  
-1.13963792  
-0.2768796263  
1.472906274  
0.2528682659  
0.04079781786  
-1.452065869  
-0.8588011209  
-0.6651033132  
-1.611284197  
-1.181636708  
-0.3493056023  
-0.1134587389  
-0.3104054995  
0.8255669369  
