0.7815643496  
0.1779957131  
0.01174530245  
0.1814180761  
-0.2236469689  
0.06266266372  
0.7614910763  
0.9816296741  
0.1697005349  
-0.01757519692  
0.1592932478  
0.7065451472  
0.6637334958  
0.2689111558  
0.471005228  
0.04324447983  
0.8039311112  
1.019208407  
0.2576263635  
-0.08365610913  
0.1499718564  
0.2685189381  
0.1002443888  
0.09682737894  
0.4083589889  
0.5251577822  
0.6158111224  
0.464042223  
0.1501474314  
0.3054664495  
-0.313128686  
-0.4011922126  
0.5019873696  
0.9124235373  
0.7555876794  
0.4019446357  
0.8501425678  
0.879686417  
0.2308713834  
-0.3982605374  
1.135982175  
0.03865317961  
0.7703705801  
-0.265365812  
-0.7861027089  
0.2824157856  
0.5731596061  
0.7832632946  
0.1928625574  
0.482118935  
0.4262976724  
-0.3973887286  
-0.4865253936  
0.04107217764  
0.4385715173  
0.7665458919  
0.6024204132  
0.9556428147  
-0.1029956317  
0.3308152234  
0.04060874899  
-0.03823763054  
-0.02275045738  
-0.08961688146  
0.6969092458  
0.4458316246  
0.5184260889  
0.3016833223  
0.05557385754  
0.1350763395  
-0.324368605  
-0.02308961823  
