-0.1594877506  
0.3793266271  
0.3879916319  
-0.7054371552  
-0.6421381924  
-0.4626086405  
0.02634456911  
0.1356244095  
0.2600775922  
-0.5780975399  
-0.4497596364  
-0.2333770451  
0.4156009632  
0.4504373261  
-0.7864701364  
-0.5852660227  
-0.2105320329  
0.1732174135  
0.2411413561  
0.414381791  
1.123795509  
0.3933764218  
-0.469417493  
-1.239062353  
-0.05835443892  
-0.7260992476  
-0.2571975404  
0.1903893077  
-0.3216165492  
-0.232436514  
-0.45444086  
-0.7263702884  
0.0427155381  
-0.3917502079  
0.09716300039  
0.7136432405  
0.8954938564  
0.3884080048  
-0.02134160033  
0.5642683592  
-0.2758584715  
-0.3829487123  
-0.4457257721  
0.1802625378  
-0.04562457332  
-0.4560045352  
-0.2468548504  
-0.3058775914  
0.3693142761  
-0.1089306918  
-0.9781219257  
-0.8596566884  
0.4481664132  
0.7166800909  
-0.324040767  
0.08740934531  
-1.003339118  
-0.303793806  
0.9938545462  
0.9209372754  
0.9884441009  
0.649241011  
-0.6771433549  
0.4108875841  
-0.6758802563  
-0.424009284  
-0.1112517621  
-0.5388680689  
0.2939013313  
0.4757266206  
-0.08747725385  
-0.956111984  
