0.5893833203  
0.378410095  
-0.03262940171  
-0.6145268078  
0.5623399696  
0.224010359  
-0.1569193654  
0.09404141759  
0.08690369929  
0.5881887031  
0.7619854212  
1.014615509  
1.094954059  
0.3388374725  
-0.2633439959  
0.0766561302  
0.3128038899  
-0.02111666215  
0.1623871913  
0.3382529022  
-0.07234641012  
0.1361518407  
0.3576986891  
0.1833111506  
0.08163447375  
-0.04430348162  
-0.05798151575  
0.1152381023  
0.4334611096  
0.1112641488  
0.1929521815  
0.3445624259  
0.1339911219  
0.9399470323  
0.9706974163  
0.4569929966  
1.198955299  
0.1609567494  
-0.3350463288  
0.1372565129  
-0.2131337778  
-0.1888026457  
-0.2882038303  
-0.1350118883  
0.0059385319  
0.1579619807  
-0.2479881888  
-0.4538373782  
1.102369866  
0.9174171432  
0.8909871657  
0.2324454359  
-0.4237270547  
-0.1224156857  
0.4928343704  
0.4514355003  
0.155900772  
0.07563695739  
-0.1763220948  
0.1366693037  
0.03710357725  
-0.02474472501  
0.2360131425  
0.1758646999  
0.2591182485  
0.3782801362  
0.02367078833  
0.1528896579  
-0.2951006781  
-0.4265220044  
-0.1998185782  
0.1274547514  
