-0.1449485758  
0.07970828955  
-0.09516705769  
0.1769280967  
-0.3037893223  
-0.8476700893  
-0.1300507489  
-0.2684434056  
-0.5892907256  
-0.1900524387  
0.2679389221  
-0.319220249  
0.01375397883  
0.3646245026  
-0.02266757347  
-0.0674912732  
0.5196544473  
0.1287207145  
-0.4110635441  
-0.2115817337  
0.02369765506  
-0.8284095338  
-0.6275458238  
-0.4596821377  
0.100530335  
0.807955076  
1.101110517  
-0.2722404372  
-0.04542034159  
-0.2382180479  
-0.760661653  
-1.633223856  
1.101495857  
0.7800486472  
0.06842241373  
0.4524264491  
0.6151846294  
0.1035207918  
-0.353916805  
-0.8577033626  
-0.6507446625  
0.4871001432  
0.06378544906  
-0.18759281  
-0.5938812377  
-0.4126704892  
-0.4822103707  
0.199960955  
-0.988187528  
-1.049531276  
-0.4998366429  
-0.5458307231  
0.2068654585  
-0.3906919956  
-0.1844600269  
-0.4014967343  
-0.5237937895  
0.2871155453  
-0.1042991821  
-0.4741880282  
0.07492182416  
-0.07279468779  
0.5234084364  
0.001065509198  
-0.9727897403  
-0.3881707003  
0.236873853  
0.8952733784  
1.007540646  
0.0004649438748  
-0.4476891144  
0.02234339832  
