-0.1965300001  
-0.6218436072  
-0.02954164736  
-0.4759633698  
-0.5252007421  
-0.100148926  
0.05214964089  
-0.08621877628  
-0.879691509  
-0.9752103106  
-0.6564294645  
-0.4649281335  
-0.8556912223  
-0.3139773529  
-0.1821962514  
-0.4385943056  
-1.098415765  
-0.8345400083  
0.120137828  
0.2252144508  
0.5587719572  
0.8093430918  
-0.4034811245  
-1.072117852  
0.2998460586  
-0.3069863104  
-0.4521570512  
-0.7148003955  
-0.9071696056  
-0.467709775  
-0.3202465502  
-0.2160836292  
0.1959800282  
-0.2112237601  
-0.7131065501  
-1.192133581  
-0.7464242562  
-0.03866540851  
0.04897863585  
-0.1035045358  
-0.7689836112  
-0.5068257119  
-0.7481061937  
-0.1341092465  
-0.498315839  
-0.00463336961  
0.01807795686  
-0.005020680004  
0.03085563293  
-0.3017953242  
-0.1012008947  
0.282085789  
-0.2718977754  
-0.2010552252  
-0.5948496578  
-1.170659013  
-0.906148849  
-0.9856994156  
-0.4663086801  
-0.03735602745  
-0.02888829536  
-0.1419350248  
-0.4655991908  
-0.9675504283  
0.2812054353  
-0.1655811989  
0.3642976416  
0.386073874  
0.1578382695  
-1.285285753  
-0.8255164502  
-0.8959507393  
