-0.1232424547  
0.07313299326  
0.4125419245  
-0.06158324351  
0.1434157565  
0.6649786428  
-0.2503597487  
-0.6811707534  
-0.07717055876  
-0.4611961801  
-0.03057035852  
0.5559640718  
-0.04702685885  
-0.3839796257  
0.0202891616  
0.1141676688  
-0.1695819812  
-0.08629382245  
0.04562388184  
-0.1119904709  
0.1444336005  
0.6516786648  
0.1878773323  
-0.4295076302  
-0.09183392347  
0.1699797042  
-0.2781037031  
-0.6168370636  
-0.6842259088  
-0.1099072596  
-0.03394590544  
0.5529323651  
0.1351974981  
0.4120904176  
-0.07249014431  
-0.08115556875  
0.08964011328  
-0.2175605055  
-0.2196374951  
0.1844499345  
-0.7725530637  
-0.8675660106  
-0.455396877  
-0.3013785921  
-0.2340973854  
-0.07995645977  
0.007563979291  
0.06502057749  
0.1599041708  
-0.05764093035  
-0.4311290164  
0.2967618678  
0.5161691203  
0.4910021953  
0.2790657497  
-0.2737335966  
-0.5168473838  
-0.6819431983  
-0.5106805408  
0.03885778554  
0.3511747877  
-3.185265354e-05  
-0.2931402111  
-0.1851030404  
-0.06777675224  
-0.06509484814  
-0.07787485634  
-0.1246646255  
-0.305051746  
-0.6405289895  
0.05299336836  
-0.2554617124  
