0.3121242229  
0.1626524499  
-0.7436136011  
-0.8806526847  
-0.4694774198  
0.1634992847  
1.040971919  
0.4006894272  
0.747201789  
-0.1862788875  
-0.02113150787  
-0.1714887883  
-0.986463582  
-0.5266777987  
0.7109586067  
0.1480584799  
0.1002929117  
-0.2649451939  
-0.1453369481  
0.2546994257  
0.0007722511103  
0.06913586302  
-0.3850053948  
-0.8108145622  
-0.1935315348  
-0.6916517882  
0.1353385966  
0.8730460848  
0.9080599139  
-0.1757156453  
-0.9362633087  
-0.5311328375  
1.095390015  
0.1754479298  
-0.1060742704  
0.1602306514  
-0.09379764293  
-0.0008778607375  
0.2188813131  
-0.1513174937  
-0.1546508156  
-0.8289389395  
-1.064537792  
0.3820409839  
-0.008971747599  
-0.1867446047  
0.6996135435  
0.5042736025  
0.5795455875  
0.4622547593  
-0.08478741191  
0.1307458666  
-0.07922510254  
-0.2177205772  
-0.4463441184  
0.2077128395  
-0.3825093734  
-0.458658238  
-0.5818920706  
-0.283516033  
0.599488223  
0.4682734483  
0.3398753169  
0.2941811534  
0.002314392673  
0.56253236  
0.0009451984967  
0.02518333308  
0.4629634051  
-0.07765894593  
0.2056337047  
0.1862735152  
