0.2728493375  
-0.2607161405  
-0.2778161556  
-0.5673041086  
-0.4247279671  
-0.6960932409  
-0.8156961654  
-0.291309915  
0.2650860231  
-0.1868375866  
-0.09307986483  
0.04182470337  
0.550679616  
0.512838587  
0.4660778001  
0.07619546285  
-0.2165798454  
-0.709534666  
-1.011231281  
-0.388999075  
0.06550248158  
0.05928306073  
-0.2208820679  
-0.2198022925  
-0.5727610319  
-0.5197880905  
-0.05496232241  
-0.1766888424  
-0.2559870736  
0.2900675733  
0.1626288113  
-0.4892991297  
0.1881521403  
-0.1566090844  
-0.1149676123  
0.1962290666  
-0.3260226492  
-0.5366953065  
-0.2111582895  
0.1027302482  
-0.1087015331  
-0.1977566596  
-0.8720158467  
-0.2642232976  
-0.09751442055  
-0.3663339995  
-0.4321077972  
-0.8520249097  
-0.02661282063  
0.1586273659  
0.3954212559  
-0.1037997443  
-0.2728292325  
0.06760718345  
-0.145214245  
-0.4448819865  
-0.5093944216  
-0.1586402629  
-0.3398556894  
-0.5454644878  
0.27119759  
0.3494577388  
-0.1056320611  
0.2486348134  
-0.681670023  
-0.3694792121  
0.1787309923  
0.09658059992  
-0.5880295588  
-0.5445671253  
0.2068729105  
-0.05472074023  
