0.5039672347  
0.3798024521  
0.2276752312  
-0.6018590747  
-0.5240802402  
0.2162914663  
0.7897038162  
0.248217738  
0.067309907  
-0.7152218545  
-0.3147167674  
-0.230416166  
-0.5334914035  
0.2038053272  
0.5864390669  
0.7359921846  
0.4386495066  
-0.05552023595  
0.04345306107  
0.003998380301  
0.02832011001  
0.3518734347  
-0.3293371354  
-0.3941390909  
0.5166384518  
0.6839225771  
0.6811357515  
0.3596152831  
0.4523075791  
-0.2410771063  
-1.033262866  
-0.5988604726  
0.3959567772  
0.5268862527  
0.2685101497  
0.3973223145  
-0.2497532826  
-0.336444957  
0.3390410662  
-0.08502511116  
0.4706527669  
0.5993918716  
0.4120702468  
0.3527758201  
0.1204181994  
-0.05091641672  
-0.01405549956  
0.3743544258  
0.04857092022  
-0.09996419949  
-0.1848661428  
-0.4116073512  
-0.1156842307  
-0.08773537451  
-0.3519678049  
0.6827685008  
0.4568024869  
0.1318683061  
-0.4045622715  
-0.4631247477  
-0.006561427916  
0.6277459513  
0.2475242102  
0.2346225297  
0.5680066815  
-0.03699866006  
0.2049022679  
0.8932157819  
0.6188301473  
-0.00987930292  
-0.5610878968  
-0.03344635759  
