0.2910888567  
0.1882747478  
0.1185327211  
-0.1076971261  
-0.4735956459  
-0.6849953394  
-0.3977472921  
0.2129840071  
0.2225338079  
-0.4015339623  
-0.3424949551  
0.2342176284  
0.1591159699  
0.005787145665  
-0.1399034251  
-0.2713745278  
0.01701081995  
-0.2284825942  
0.2373710199  
0.1154299993  
0.04080647054  
-0.6405786038  
-0.220986767  
0.404381261  
-0.2306506644  
0.029546563  
-0.02549944437  
0.2226817822  
-0.2467990223  
-0.363396928  
-0.3805544071  
-0.4659088506  
-0.02497868956  
-0.3444920231  
0.03735984977  
0.4454665344  
0.7128232713  
0.2381978713  
-0.0478830963  
0.1997111069  
-0.4259269651  
-0.3298662373  
-0.3649739901  
-0.3899288566  
-0.651624059  
0.1376817049  
0.5774771348  
0.5182069954  
-0.3670039149  
-0.5525312052  
-0.7694647723  
-0.8581952486  
-0.813636595  
-0.0809404204  
0.2594119118  
0.5195971504  
0.4320320503  
0.002841184406  
-0.6103182996  
-0.4886526134  
0.8140181436  
0.6445559975  
-0.2808265552  
0.03687300553  
-0.4235826205  
-0.1390157135  
-0.1965197028  
0.0113996633  
0.2201573964  
-0.53013483  
-0.2409019552  
0.3605960719  
