1.07698688  
0.3387948613  
0.2573502414  
0.348598137  
0.2238356608  
-0.09989953876  
-0.1626695624  
-0.1728223796  
0.6388509945  
0.7826875716  
-0.02166482294  
-0.5567274523  
-0.2872757177  
-0.3078925292  
0.1440625447  
0.4253921847  
1.09238396  
0.4698961248  
0.1219562322  
0.5091769815  
0.3311285992  
-0.7062005106  
-0.5362497641  
0.05919328813  
0.363315818  
0.07982697233  
-0.2446810776  
0.1171086925  
-0.2212537038  
0.3508704199  
0.1170599888  
-0.4237919707  
1.047589189  
0.9600848325  
-0.02369340588  
0.05481033375  
-0.01147242901  
-0.02573871975  
-0.2647684385  
-0.2527934981  
-0.001149992956  
-0.1044084009  
0.1523146954  
0.303865996  
0.985195739  
1.634766248  
0.1315329264  
-0.335467553  
0.713706143  
0.4698440615  
0.1657140572  
-0.1004412  
-0.4444458899  
-0.09161588169  
0.04678967433  
-0.7150761246  
0.6840314014  
0.6663332553  
0.3051525954  
-0.08430477648  
-0.1357913597  
0.5298714987  
-0.01221449327  
-0.2289479569  
0.4669038746  
0.5260925706  
0.4073265884  
-0.196987192  
0.3623860284  
0.5901794499  
0.06394104529  
0.145721683  
