-0.286604611  
0.1220156521  
1.601378422  
1.073362926  
0.7289715184  
-0.4979037468  
-0.06860669135  
0.1106620367  
-0.1946315647  
0.4206077737  
0.2109457136  
-0.5061191514  
-0.5488590647  
-1.307748071  
-1.119268066  
-1.106829265  
0.3498228926  
0.194449391  
0.5794307958  
0.1325004387  
-0.176931698  
0.449853012  
0.1580331707  
0.1933680952  
0.8001827005  
0.4141768684  
0.4738699007  
1.022125179  
0.9438051369  
-0.2735634825  
-1.449080212  
-1.420580891  
-0.3124450522  
-0.5839664863  
-0.5386832024  
-0.1971814429  
-0.04105389878  
0.1965998134  
0.3602232646  
0.04256811326  
-0.4914349868  
0.004440575446  
0.7224812181  
0.7988288378  
0.6232205661  
-0.9714924212  
-0.4191200225  
0.7297389912  
-0.07485560563  
-1.028285411  
-0.4575363239  
0.2229782957  
0.4607226442  
-0.33922942  
-0.9983393956  
0.3816107153  
0.1523061238  
0.2262627141  
0.1558768381  
0.1602378491  
0.1220205542  
0.5035534625  
-0.2533410649  
-0.240484917  
-0.49626363  
-1.055044676  
1.160061515  
-0.1422131099  
-0.2847096657  
0.2843940344  
1.611310202  
0.77949185  
