0.04457584729  
-0.07561650715  
-0.5186831159  
0.9188090771  
0.2591991736  
-0.51198768  
-0.1069084261  
1.139794459  
-0.1714318662  
-0.2422328412  
-0.395827754  
-0.05122715235  
-0.07750069865  
0.2668057852  
0.01019110256  
-0.03934227597  
-0.7494843147  
-0.1118103189  
0.3536240441  
0.3534933964  
0.500640226  
-0.3518385573  
0.3456801138  
0.08076982396  
0.08989521665  
-0.1662297074  
-0.8046034069  
0.0283046454  
0.1724068122  
0.3461446099  
1.119749298  
0.8481396646  
-0.7701145752  
-0.3793310931  
0.03961187523  
-0.05845601308  
-0.08522092041  
-0.2575045451  
-0.5158952945  
-0.4573759263  
-0.2832904471  
0.8252207602  
0.3245590068  
-0.2547210452  
0.08451664879  
0.6448744199  
0.6828884894  
0.8394739361  
-0.6221746908  
-0.5848052104  
-0.6097655294  
0.07776149637  
0.1362247446  
0.3037031408  
0.03164785659  
0.1776529264  
0.6852147626  
0.3705044538  
0.2860162017  
-0.3432385122  
-0.7709250254  
-1.036586145  
-0.4847115051  
0.5676293067  
0.3327913146  
-0.2052070046  
-0.4834126169  
-0.2252256762  
-0.3667554632  
0.2462320878  
-0.3498449035  
-0.3150720039  
