-0.4523717294  
0.5852824474  
0.2869903592  
-0.6231317239  
0.2024723005  
0.2520529002  
0.3213313769  
1.424658976  
-0.3985060439  
-0.6303900476  
0.1762841067  
0.5807825398  
-0.2420512869  
0.1924877031  
0.1971411035  
0.1955228726  
-1.446707811  
-0.4676593141  
-0.1759984464  
-0.4995314078  
-0.1221606378  
-0.5324487259  
0.8980135584  
0.5990757975  
-0.2297176821  
-0.2106462957  
0.2492641826  
0.4412727793  
0.5641373188  
0.6695549176  
0.4009147872  
0.1301252603  
-0.7881700757  
-0.7696821768  
0.1199369716  
0.4498700467  
-0.6389101834  
-0.5748159897  
-0.197030872  
0.1319240203  
-0.3766124939  
0.398372383  
-0.1731719377  
0.0570597606  
0.184331341  
-0.0897403033  
0.0828554481  
0.6040566261  
-0.4108143312  
0.01625543166  
-0.1582566348  
0.7116012125  
0.8084082909  
-0.5366813926  
0.1554947611  
0.3721696323  
0.4375244458  
-0.5184121806  
-0.50831812  
-1.732788911  
-1.57424851  
-0.9151031366  
-0.07579902305  
0.1155062671  
0.6295082208  
-1.080615824  
-0.7149686528  
0.0006151595398  
0.3017173087  
-0.6688537825  
-0.711095518  
0.4095010706  
