0.8255055061  
1.229818011  
0.7193450551  
0.09578242192  
-0.08823668089  
0.3206947175  
0.4853877362  
0.5105569193  
-0.02457540786  
0.593905065  
-0.916154621  
-0.9417106964  
-0.4403540008  
0.1434273218  
0.9192306414  
1.058027361  
1.04021676  
0.6862483181  
-0.1411850303  
0.5867404431  
1.058440925  
0.260159269  
-0.1587426587  
-0.01760656573  
-0.5380444982  
0.3422081729  
0.5451727531  
0.8627062805  
-0.05215595192  
0.4725780105  
-0.9655936531  
-0.7599622194  
0.8981142468  
0.7661656941  
0.06680551675  
-0.04508978717  
0.8356953229  
0.6513258293  
0.9541467234  
1.71064594  
0.9499491383  
1.227604214  
0.7875450081  
0.2866952198  
-0.8091197312  
-1.032512055  
-2.260231998  
-1.869678017  
0.4990028661  
-0.2043797215  
-0.07286896694  
0.01950282623  
0.03125873835  
0.08654722503  
1.8247197  
1.169355534  
0.103434291  
1.094596173  
1.010535034  
1.139448976  
0.7575746838  
-0.4639084414  
-0.3143324664  
0.7899521584  
-0.1872287195  
-0.9823867153  
-0.1184809586  
0.4555514691  
-0.4090762622  
-0.536227023  
-0.1070113318  
0.8793244429  
