0.8726110984  
-0.05087184102  
0.4211425783  
0.8534509657  
0.0417122437  
-0.7508712921  
-0.4864957821  
0.1781874561  
0.5859673681  
0.01380296659  
-0.3233020449  
0.229127184  
-0.1270315951  
-0.02593204105  
-0.5723555538  
-0.3900513668  
-1.159145038  
0.2884007481  
0.6680230596  
0.4104269849  
0.1470549197  
0.04220645251  
0.3704983792  
0.1931915809  
0.5927590536  
1.073880187  
0.3630842174  
0.4075371668  
0.5145845534  
-0.2331226615  
-0.4753351271  
-0.2821768019  
-0.2984168286  
-1.006462111  
-1.125565502  
0.09651627247  
-0.245985607  
-0.3026817436  
-0.2184297542  
-0.1117726634  
-0.4580724284  
-0.1197931767  
-0.5848516072  
-0.2624858107  
-0.5788050712  
0.1487539356  
0.7077235532  
1.239100294  
0.3898277766  
0.8449302659  
0.169379648  
-0.5316848502  
-0.2507733207  
0.1744975726  
-0.5504148953  
-0.2428237955  
0.6854053501  
-0.1382095318  
-0.3580183603  
-0.2555544435  
-0.8776206209  
-1.555191106  
-0.7756930552  
0.243362631  
0.6075058738  
-0.9430602536  
-1.978186789  
-0.8594267121  
0.4008522731  
0.1036823608  
-0.2497664321  
0.3832919901  
