0.2460536987  
0.3701038285  
0.5603303488  
-0.07806951221  
0.4915314476  
0.3770821461  
-1.025497297  
-0.005862569731  
-0.1463798324  
-0.2921029666  
0.1940466217  
0.2875468379  
-0.2332915562  
0.421392836  
0.4516371124  
1.348758549  
-1.67941109  
-0.5096554897  
0.4463517972  
0.3614602375  
0.1034182226  
-0.02056219782  
-0.5326256156  
-0.2891777776  
-1.204486075  
-0.5207071712  
-0.0714498174  
0.7762851874  
0.3877692967  
0.4542101214  
0.1799719353  
0.1906869345  
0.8601581941  
0.2325716507  
-0.1923970701  
-0.2174007828  
-0.4577851884  
-1.013110075  
-1.24323231  
0.1691027393  
-1.253330544  
-0.1643803755  
-0.07649832121  
-0.342430892  
0.3331835391  
0.9495076286  
1.077710765  
1.04122805  
-0.03979481188  
-0.03509734591  
-0.260826346  
0.6273339742  
-0.01301411961  
-0.2004424558  
0.6948806164  
0.8917038002  
0.5254272144  
0.5963521247  
0.4340712854  
-1.339404504  
-2.145283085  
-0.6467177821  
0.3056374753  
0.8463189069  
-0.6981105469  
-1.011398332  
-1.356385469  
-0.136822177  
0.0415987392  
-0.2614480021  
0.4164896104  
0.2313067808  
