0.85858855  
0.4514198344  
0.1085334881  
-0.2088836604  
-0.3165015841  
-0.1176482004  
-0.1456611684  
0.3651931918  
-0.3368156482  
0.6933187516  
-0.09385275262  
-1.065532464  
0.1337873035  
0.07946641416  
0.08491232187  
0.3798690538  
-0.3030016143  
-0.1105233091  
-0.537327443  
-0.622050286  
-0.8544420011  
-0.3589044072  
0.7748906294  
1.061819264  
0.398852119  
0.2802619656  
0.1594435463  
-0.1775734696  
-0.8851401846  
-1.008562298  
-0.9217381456  
-0.3123134358  
0.07278716324  
0.3211900411  
0.4353813807  
0.1650720834  
0.1257422713  
0.3740492253  
0.8536222683  
0.7831735476  
0.136587852  
0.6133719961  
0.5338328598  
-0.6756626774  
-0.8495231498  
-0.6794811721  
-2.449141929  
-2.185221834  
0.4814320637  
0.2752018539  
0.0540246538  
0.4679929936  
0.4855239596  
0.2263085268  
0.3950609315  
0.3655750092  
-0.2798235656  
-0.09699403941  
-0.5654531427  
-0.558105433  
-0.2036101311  
-0.2427469894  
-0.5604229  
0.06243115191  
0.2623261513  
-1.243882516  
0.0184361742  
1.13568461  
0.3538350001  
-0.6623292165  
-0.3680893746  
0.4723912198  
