-0.1103854858  
-0.203139938  
0.2289128686  
0.5437605803  
0.4433539867  
0.01816984147  
0.1509397299  
0.1627587061  
0.1894229734  
-0.000812509102  
0.07783400433  
-0.1284131712  
-0.06725208203  
0.1858917787  
0.02075255724  
0.005791672428  
-0.4450948305  
-0.1657043179  
-0.1350873262  
-0.03162081842  
-0.1030337996  
-0.4627212154  
0.1392965229  
0.2944338244  
0.4535227069  
0.06759892699  
0.0376280361  
0.08660415226  
0.003102651829  
0.05876036791  
0.5578457686  
0.1307961259  
-0.06865498281  
-0.1546144363  
0.5971015651  
0.2497620899  
-0.193636826  
-0.4653086343  
-0.1213574634  
-0.1313794667  
-0.2136994894  
0.1844078721  
0.07348727509  
-0.06758089422  
0.1900785867  
0.199107214  
-0.08412541174  
0.105371357  
0.2975913808  
0.09013052331  
-0.07307774558  
-0.05389446815  
0.373460108  
0.4084011733  
0.3459379196  
-0.3711228449  
0.3600238281  
0.156239535  
0.2691493151  
-0.1220519447  
-0.5633930821  
-0.8051462417  
-0.5154317842  
-0.2011257889  
0.2126737005  
-0.793457618  
-0.8129572582  
-0.2312145818  
0.6541115033  
0.9590497455  
0.1922888113  
0.5074787482  
