0.435052738  
0.6615057722  
0.5250971619  
0.4722821699  
-0.2680329445  
-0.3642727853  
0.01924312691  
0.2500191325  
0.7582631683  
0.5925847709  
0.2453009669  
-0.1979301097  
-0.4588126992  
-0.7236538244  
0.006375756677  
0.1322860898  
1.511961638  
0.6853564664  
0.4375247413  
0.04406769978  
-0.4711897937  
-0.2704599899  
0.4021610249  
0.5406250498  
0.5725244393  
-0.08233062851  
-0.3185988985  
-0.1600467736  
-0.01008518838  
0.4718534052  
0.4461568415  
-0.04944047417  
0.5324611894  
1.026179737  
0.6276591601  
0.3748209191  
0.2050923335  
0.2464168056  
0.4806883104  
0.4082544871  
0.3467876129  
0.284739483  
0.1873612979  
0.3308740364  
0.8204863641  
0.143368422  
-0.6288547086  
-0.8420975639  
0.8827051364  
0.3062911782  
0.3962069984  
0.07069706389  
0.6241522641  
1.141773203  
0.7264514393  
0.5226818757  
0.09901590533  
-0.07686219271  
-0.01823252859  
-0.142533262  
0.1142932371  
0.3102712419  
0.2885302781  
-0.4435441218  
0.7903827163  
0.02833692936  
0.2784176099  
0.6629110842  
0.221601353  
0.1909530254  
0.3021958081  
0.5805134632  
