0.5710875584  
0.1984601209  
-0.003248053162  
-0.1884919469  
-0.2711171939  
-0.7027787331  
-0.2069425267  
0.4300529351  
-0.2829652385  
-0.5393486443  
-0.7033122311  
-1.023167947  
-0.6920192304  
0.24954002  
-0.05150323322  
0.5914514135  
0.002701128759  
0.4818493125  
0.3296355256  
0.6084475245  
0.4713441673  
0.163586167  
-0.2004242343  
-0.6350119552  
-0.02778594019  
-0.8213871819  
-0.2377517306  
0.8462938899  
0.08410076248  
-0.4993951266  
-0.3334184258  
0.4373481988  
-0.01393167934  
0.7088436661  
0.5551858995  
0.5682796343  
0.02743436749  
0.2509851464  
0.8619168346  
0.6489662057  
-0.6708811647  
0.4487968072  
0.4978410194  
-0.07370720745  
0.2101553808  
-0.01486492941  
-0.5373479453  
-0.6745582976  
0.4006467009  
-0.5673151722  
-0.9199125516  
-0.6877675355  
-0.07840677076  
0.09256713632  
0.4477610467  
0.4294159275  
0.1308463309  
0.7037792122  
0.2709584205  
0.5595678389  
0.8331442864  
-0.5099779552  
-0.4124525518  
-0.58238943  
-0.1297688343  
-0.1219642762  
0.2105259417  
0.2666875605  
0.30342304  
0.3409624715  
0.3344637141  
-0.3081561484  
