0.2278347218  
0.2639091532  
0.1179811687  
-0.4161718636  
-0.6755477833  
-0.8617937922  
-0.7021332975  
0.4140224561  
0.3573375099  
-0.1447809255  
0.2947035222  
-0.2519870595  
-0.2313805262  
-0.3798093004  
-0.1984084166  
-0.8541859929  
0.508792351  
0.289476716  
0.2454158974  
0.2232039031  
-0.6346086162  
-0.3199138241  
0.7326717828  
0.1424559402  
1.079008321  
0.01152071161  
-0.2280879845  
-0.1276891386  
0.1025668367  
-0.137347139  
-0.5240714895  
-0.5648229085  
-0.7003642407  
-0.2604132216  
-0.6029772602  
-0.3569048247  
0.1349916527  
0.8390774735  
-0.1315324058  
-0.2877221845  
-0.8848794793  
-0.6381145543  
0.3444406855  
-0.2281035357  
0.1814897507  
-0.08473602565  
0.1591326241  
0.8723583717  
0.3988289688  
-0.5818278617  
-0.3805240953  
0.005940788683  
