0.1890700857  
0.112233109  
0.3046895755  
0.3023463252  
0.5269708986  
0.6254861582  
-0.1062524148  
-0.4421026735  
-0.1224574385  
-0.08447183002  
0.5311199339  
0.5360208103  
0.4252799906  
1.132190715  
0.9512965232  
0.2358965284  
-0.5249839605  
0.4693317302  
0.9507185644  
0.4846907658  
0.1491448001  
0.06166520832  
0.3358890101  
0.8575743845  
0.3926491126  
0.3408037493  
-0.4906067974  
-0.268735919  
0.8143129395  
0.1653957936  
0.6460597792  
0.6578338205  
0.1386588035  
0.2640461949  
-0.009268689705  
0.3316516284  
0.1580421715  
-0.05040097197  
-0.8118114767  
0.2808015127  
0.6206294035  
0.6622736987  
0.3303341836  
0.1263668018  
0.1706522609  
0.66556785  
-0.1113096683  
-1.314289251  
0.5838741109  
-0.08887503296  
0.3688857081  
0.2654418673  
0.1702510243  
0.1519090421  
-0.07835204738  
-0.1925396554  
0.4255129099  
0.6355638077  
0.4991945901  
0.3320296227  
-0.2190421537  
-0.3123926129  
0.498933707  
0.854946541  
-0.1369460754  
-0.3847644223  
-0.6673133561  
-0.4337833063  
1.109558787  
1.149586914  
-0.2245996279  
-0.5229325162  
