-0.7375796131  
-0.4022420104  
0.2143277926  
0.4343471637  
0.316766716  
0.2294195945  
0.1771024693  
0.74063346  
-0.3949825643  
0.1174651105  
-0.05065389475  
-0.2169353687  
-0.02053354632  
-0.3317068324  
-0.02419887307  
-0.1561181882  
-0.2968429088  
0.0269229667  
-0.07056132954  
-0.1939032895  
-0.2040298182  
-0.4247798143  
0.4237200178  
0.4817469904  
1.01605484  
0.1744232605  
0.4269217347  
0.689514746  
-0.6219107712  
-0.1414234899  
-0.4436479972  
-0.1009601033  
0.6175058825  
1.215711298  
0.3456064761  
-0.5495193388  
-0.4313771519  
-0.7611000789  
-1.273493321  
-0.1756678349  
0.714714204  
0.3798671388  
-0.5608493109  
-0.4508608603  
-0.1549263569  
0.1518374185  
0.2460150056  
-0.1332140388  
0.14620896  
1.576326692  
1.30553648  
-0.161983158  
0.4953225937  
0.7946529716  
-0.1789255072  
-0.6837284769  
0.01103511845  
0.6450187513  
-0.4830140491  
-0.6187977842  
-0.05426781036  
-0.2535414355  
-0.3437464629  
-0.3253593467  
0.481516963  
0.8949312976  
0.217374916  
0.03484592469  
0.1041264738  
0.62859628  
0.1043365313  
-0.1377702076  
