0.4174694848  
0.5574705238  
0.7892248869  
0.5815224299  
0.2747561735  
0.4146648573  
0.5822679991  
0.5636132297  
0.5245737651  
0.4913861993  
0.3016707212  
0.4301495487  
0.6130179583  
0.5873579725  
0.820828337  
0.5668741319  
1.029972731  
1.232893092  
0.8718635708  
0.3730279897  
0.5471393802  
0.3730323784  
0.1897913628  
0.2141965435  
0.5047250623  
0.5531012553  
0.6257185485  
0.5791574511  
0.7193267194  
0.6156696838  
0.6745575718  
0.1179581545  
0.8920372714  
1.183973661  
1.143746154  
0.8201016519  
0.3462998344  
0.04104366222  
0.281758078  
-0.1513659816  
1.037721478  
0.5531273243  
0.4709069389  
0.5044386347  
0.3582093448  
-0.1498503561  
0.1192194581  
0.4855389944  
1.480277182  
0.8523036632  
0.8118826666  
0.3517391538  
0.7152723538  
0.8099646456  
0.4346621757  
0.01839787064  
0.8299361496  
0.8726660458  
0.2643959705  
0.7047662029  
0.544972689  
0.4789196161  
0.3865721734  
0.0278734083  
0.6595963306  
0.2457145655  
0.2181434316  
0.1602298527  
0.6118532623  
1.092193934  
1.602973941  
1.321180464  
