0.6041983998  
0.2293331812  
0.002210281789  
-0.2375542413  
0.03234758836  
0.1008709076  
0.1088638366  
0.5321849902  
-0.1986039675  
0.1827357575  
0.3502423725  
0.2573891557  
0.1820385915  
0.2513108801  
-0.03770298747  
-0.1211767447  
-0.001984189019  
0.1543199542  
-0.015678268  
-0.5065030767  
-0.396891026  
-0.167360492  
0.4729977395  
0.5532348937  
0.3082094026  
0.02949131403  
-0.4838118432  
-0.0742538039  
0.1993616348  
0.2339691782  
0.6021935736  
0.4673747683  
0.2892113029  
0.4734975556  
0.5060582918  
-0.1450407601  
-0.3150436621  
-0.2031528543  
-0.3353961  
-0.5547394964  
-0.1702219312  
0.6889991827  
0.1737352476  
-0.02116952998  
0.07004137928  
0.3101587536  
0.4311613238  
0.1337930728  
0.1879055987  
-0.1239438203  
-0.421450149  
-0.1884215291  
-0.2610578822  
0.08593277177  
0.2601059941  
0.4486040609  
0.610505194  
0.1900236848  
-0.2497758902  
-0.1658360432  
-0.2770370319  
-0.1683974081  
-0.3494606496  
-0.4757938737  
0.3846238006  
-0.1907805676  
-0.399433284  
-0.295693049  
0.5610460074  
0.7732335737  
0.1958506491  
0.03530350597  
