-0.01657908135  
-0.1321292502  
0.02686197546  
0.1616408914  
0.4326024608  
0.810206705  
0.4887683597  
-0.3004685062  
0.2294467168  
0.3317348725  
0.1091085292  
0.1067664843  
-0.06614580329  
-0.2216481093  
-0.3528306245  
-0.6250238216  
0.7723407145  
0.5060155625  
-0.06046694321  
-0.590021135  
-0.3088177401  
0.05599555139  
0.2626066611  
0.3328410279  
-0.002035918008  
0.08314287498  
-0.1531107979  
0.2997956214  
0.1653893782  
0.004293007384  
-0.1423566857  
0.08175335119  
0.4734661008  
0.2378675426  
0.00128111655  
0.08677235412  
-0.3088287144  
-0.789422899  
-0.8466877468  
-0.1956797983  
0.99609029  
0.8365114749  
-0.02385276904  
-0.04180096014  
-0.184450895  
0.0582214015  
-0.04120571164  
-0.6031091556  
-0.2878530287  
0.2715032479  
0.09519922954  
0.3951147391  
0.2787819326  
0.6279294221  
0.4361478728  
-0.07021075801  
0.6440485662  
0.8815512741  
0.5129365638  
-0.2620747857  
-1.003757586  
-1.091291853  
-0.5637773483  
-0.4111797126  
0.6812091748  
0.5771076262  
0.01973851724  
-0.2725185171  
-0.2974641166  
0.04461036485  
-0.1233053558  
0.2681521656  
