0.4728663064  
-0.1020202947  
-0.8899428213  
-0.7679023472  
-0.5868723745  
0.1988486738  
0.3644791129  
0.4110712073  
-0.4242302172  
-0.2889957304  
0.6622379336  
0.3900641114  
0.2872992202  
0.340434677  
-0.1589006086  
-0.3039589963  
-0.9504278352  
-0.5147141923  
-0.3994038021  
-0.1396220019  
0.1122968593  
0.7352371772  
0.1319806524  
-0.5635457476  
0.01218791127  
0.2697456114  
0.4483283376  
-0.005220277186  
-1.02162784  
-0.6956193069  
-0.6506241041  
-0.7232117299  
-0.3976734592  
-0.8238592389  
-0.372262375  
-0.8482765574  
-0.7000920817  
-0.1494767738  
0.3520896485  
0.3861053348  
0.4099803396  
-0.134869058  
0.4802274932  
0.1364827049  
-0.3383332483  
-0.933656259  
-0.9778673374  
-0.8784375891  
-1.258340663  
-1.165052885  
-0.6269497195  
-0.2572133701  
-0.2837837417  
0.03077965308  
0.7103176264  
0.5140201679  
-0.1428600237  
-0.2374408261  
-0.13132522  
0.2100791966  
0.66708907  
0.3993259488  
0.9461848708  
0.4806709873  
-1.174712612  
-1.02445729  
-0.742488117  
0.4278005871  
-0.308903672  
-0.1335181241  
0.1790588951  
-0.3495951213  
