0.1524371136  
0.1478924788  
0.1715295188  
0.2630631314  
0.2832446599  
0.3948466093  
0.7349002949  
0.05690976351  
0.8134767642  
0.3739520994  
0.3330855779  
0.9367615389  
0.2814668796  
0.2238900747  
0.5126713309  
0.2536691734  
0.3526720178  
0.2971328843  
0.3023879577  
0.2726501799  
0.08710699169  
0.1562620681  
0.4726264377  
0.5832050467  
0.05312862933  
0.4829449971  
0.6649363749  
0.2053362322  
0.3247205148  
0.1986072235  
0.7745752607  
0.2707767115  
0.06873459308  
-0.2822585673  
0.1235159319  
0.423646518  
1.081068867  
0.5872695818  
0.1605205239  
0.01307572215  
-4.010439928e-06  
0.4562741747  
0.4729442474  
0.1354994477  
0.3246908063  
-0.05372941374  
0.3563140581  
0.368913268  
0.3623564095  
1.046364024  
0.6334027883  
0.6912544661  
