0.7675667912  
-0.1381623075  
-0.6199541714  
-0.6687920713  
-0.7213230401  
-0.8263886859  
-0.03579269156  
0.4728461626  
-0.201039758  
0.1234078455  
1.160833226  
0.8388720306  
-0.2926591782  
-0.0187247396  
0.5435856032  
-0.2549417149  
-0.1121175709  
0.1971573854  
0.2004971424  
0.02828803122  
0.3182171256  
-0.03133346461  
-0.3822752651  
-0.3612393618  
-0.005507846804  
0.1468136509  
0.4593667323  
-0.4092722262  
-0.03912661889  
-0.4848645466  
-0.7702877704  
-0.8079905877  
-0.4737762261  
-0.5326876976  
-0.008807830439  
0.7143651325  
1.159527032  
1.30482131  
-0.6009843459  
-1.133261588  
-0.2618518578  
0.3222420191  
0.1080578335  
-0.1733535449  
-0.1717311891  
-0.2528417878  
-0.1903676032  
-0.1154627551  
-0.3666688805  
-0.5181458788  
-0.4387126544  
-0.384637552  
