-1.169547636  
-0.7985866708  
-0.3746915844  
-0.7692905394  
-0.3831048208  
-0.1615941162  
-0.2093290443  
0.1185619  
0.1206314881  
-0.4299462608  
-0.2939206028  
-0.4781064931  
-0.6678364771  
-0.5790345088  
-0.1444359865  
-0.4030949604  
-0.01683969247  
-0.4906793833  
-0.7082844169  
-0.4793388867  
0.05083732689  
-0.5612860463  
-0.05121315741  
-0.7325628243  
-0.5951291478  
-0.8184960663  
-0.7254011721  
0.05260115382  
-0.2238292918  
-0.305002638  
-0.08457563661  
0.6953352356  
0.1524788686  
-1.007266489  
-1.697018633  
-0.5413041449  
-0.3762472284  
-0.6367040806  
-0.5028426894  
-0.5613082024  
0.3121621651  
-0.2892158483  
0.120802706  
-0.1654548545  
-0.3075102667  
-0.6087875795  
-0.9078843139  
-0.108671878  
-0.7742601119  
-1.071674979  
-0.7545793182  
-0.2785714598  
-0.4219387267  
-0.2518931528  
-0.1172425987  
-0.2653787934  
-1.039004385  
-0.8568567126  
-0.8222261683  
-0.8764513727  
-0.7439031899  
0.008128180953  
1.121543116  
1.22579317  
-0.3068451148  
0.5273943992  
0.3147207365  
-0.2839460538  
-1.193541675  
-1.857282836  
-1.080859399  
-1.05007198  
