0.0794185749  
-0.4523858505  
0.1927103667  
-0.4543378333  
0.04118051105  
-0.4113587881  
-0.03210697887  
0.2061707455  
-0.4658929217  
-0.2013034863  
0.5356683101  
0.5236799966  
-0.0153313637  
0.0420017836  
-0.1947216664  
-0.3408078556  
-0.6783366637  
-0.5642004746  
-0.8599626836  
-0.5308404791  
0.1788692804  
1.348770455  
0.3798737382  
0.3898882361  
-0.404113327  
0.2219635013  
0.3223439757  
-0.006204017781  
-0.05217476655  
-0.2187442792  
0.1031083458  
-0.2856701989  
-1.477672682  
-1.08517762  
-0.7358962443  
0.2914568009  
0.2422433529  
0.5185905675  
0.790808282  
0.01776197283  
0.3832401802  
-0.5999914631  
-0.5490554753  
-0.09010292943  
0.1517988609  
0.3516726455  
-0.002780935433  
0.1274625239  
0.07961605332  
0.4117394433  
-0.1881754353  
-0.5716134206  
-0.6495207307  
-1.223878919  
-0.5741733149  
0.9545627214  
-0.1245516328  
0.01119007999  
0.3491910413  
0.1353329652  
-0.6291606054  
-0.1549241828  
-0.1294659691  
0.2233970076  
0.1001952398  
-0.1193698659  
-0.3341394708  
-0.206415191  
-0.1640102606  
0.3662105575  
0.2618651624  
-0.3624454367  
