0.3857251018  
-0.2890000751  
-0.3006124137  
-0.2028888835  
0.5800822928  
0.1756835645  
0.5899190439  
0.6281608426  
0.3824322111  
-0.2069856885  
0.09960886889  
0.01732866437  
-0.07768892314  
0.2767905658  
0.4642315201  
0.363867494  
0.5756513652  
-0.07548240823  
-0.0273155801  
0.3993575015  
0.1340969883  
0.1628717855  
-0.3080161477  
-0.124534874  
0.174747223  
0.1871197138  
0.3555184437  
0.5046529141  
0.2193255864  
0.2482441725  
0.04363585851  
0.1404801738  
-0.03475324105  
-0.2631686999  
-0.1498426986  
0.2699624353  
0.3609685305  
0.2839168672  
0.4344192216  
0.3573498972  
0.4996178516  
0.01502386331  
0.3924137338  
-0.1888847214  
-0.6623001749  
-0.412288271  
0.03818893816  
0.1880900392  
0.4871719844  
0.4517260927  
0.4183833752  
0.4859933487  
0.5819136888  
0.292945094  
0.02972377526  
0.2768115808  
0.6595328721  
0.4916328491  
0.3042257133  
0.3330193206  
0.1599296127  
-0.3327159331  
-0.07293666103  
-0.6571288967  
0.2881397703  
0.3683036201  
-0.0700767176  
-0.24173689  
0.001831180901  
0.6619044199  
0.2896222955  
-0.4078997136  
