1.050857251  
-0.0519132782  
-0.6351051033  
-0.4175345629  
0.006820067327  
0.1096542884  
0.1040384397  
-0.1791777171  
0.3980185603  
-0.05263260516  
-0.1311343021  
0.2318324792  
0.06992564475  
0.3636874805  
0.2544823671  
-0.2273915705  
0.5089432139  
0.7042150512  
0.08165772108  
-0.06239131416  
-0.3578615342  
0.1900682059  
0.117166577  
-0.3149087133  
0.6020468941  
0.3050855043  
0.1331209488  
0.1822492787  
0.05462224206  
0.08091668664  
0.307639715  
0.2997989417  
-0.06456198375  
0.2469885645  
0.2764183189  
0.2503900521  
0.284004037  
0.0472277223  
-0.1425111727  
-0.006515895269  
-0.1363264675  
-0.2984987934  
-0.3937668815  
-0.1783522677  
0.008537249888  
0.1315203323  
0.1867319196  
0.2447007413  
0.8973755223  
0.4913690866  
0.4572951068  
0.3339130593  
0.1875747304  
0.1911721563  
0.08808838146  
-0.3034461925  
-0.2591218798  
-0.1980347719  
0.05087350394  
-0.2397488158  
-0.1320259923  
0.3056674232  
0.298894494  
0.1198823501  
0.2482758796  
-0.2496196754  
-0.1729804024  
-0.1491190205  
-0.1354960258  
-0.1671766595  
-0.09487809111  
0.05573132109  
