-0.05497634254  
0.1272292943  
-0.2111684084  
-0.02706931413  
0.4398255836  
0.4866465266  
0.2287676109  
0.108025383  
-0.08887694555  
0.4229960014  
0.3858571959  
-0.1266754013  
0.252676039  
0.2878537835  
0.1007589847  
-0.2820356618  
0.2999333337  
0.1340769256  
0.03435001292  
-0.2898673337  
-0.08081224448  
-0.1845794389  
0.1225348649  
-0.03243851203  
0.1197892005  
0.6341867784  
0.5543867173  
0.1953633505  
0.023083621  
0.02041235919  
0.3218313994  
0.2655289994  
-0.1717767773  
-0.3140514916  
-0.3009149967  
0.352501939  
0.6017435833  
-0.3482912793  
-0.3138809525  
-0.1139904746  
0.7740213805  
0.03718358514  
0.1531702576  
-0.1587085922  
-0.194247973  
-0.4417536504  
-0.2581010921  
0.004817231852  
-0.3305924811  
0.2027446384  
0.8190471183  
0.6063821643  
0.9370077797  
0.7031827998  
0.4008520764  
-0.4294846332  
0.4277385794  
-0.2229898151  
-0.1381039143  
-0.4253405056  
-0.1161514592  
-0.2321200672  
0.2975887761  
-0.05147929215  
0.9437492978  
0.245031376  
-0.1343914465  
-1.072056571  
-0.7052372364  
-0.2515416904  
0.3823283664  
0.5724859445  
