0.9138654895  
0.3461192423  
0.2235564701  
-0.2460727349  
0.6171856405  
0.2594517296  
-0.4652649254  
-0.5304831741  
0.3391328615  
0.6540752974  
-0.2676454335  
-0.2171567977  
0.107987623  
-0.1285879994  
0.2588159381  
0.6846031739  
0.03148817526  
0.01871069977  
0.03216496257  
-0.6305610275  
0.6491745201  
-0.05605830527  
-0.3419412149  
0.2682963162  
0.8163497385  
0.4023907255  
-0.2216383109  
0.0220452602  
-0.1720109009  
-0.1115712527  
-0.1716399714  
-1.038854464  
0.7094458029  
-0.1295465913  
-0.3746229473  
-0.05657042975  
0.1673932268  
0.1810834576  
0.2233520886  
0.2091786846  
0.2018714194  
0.4613696103  
0.1005924456  
-0.2941034098  
0.3513030164  
0.2211917572  
0.3305773162  
-0.04709456626  
-0.3013708679  
-0.342836896  
0.1062040954  
-0.1656967613  
0.3449498896  
-0.5362964084  
-0.5493478924  
0.686202719  
-0.5562590212  
-0.6787012835  
0.1367624267  
0.3499249294  
0.8585638604  
0.6289432351  
0.5646992655  
0.821722024  
0.02780183679  
0.005023153989  
0.685694686  
0.163069429  
0.3933824614  
-0.2210971086  
0.5459716346  
1.455641682  
