-0.3744644001  
-0.4693019893  
-0.3704800175  
0.04544730754  
0.1454623982  
0.3580471365  
-0.1563482855  
-0.611412973  
0.8513422807  
0.01058456603  
-0.002490184613  
-0.001372223622  
0.9422790192  
0.4616188846  
0.08623956703  
-0.3493914952  
-0.7098762117  
0.08214848096  
-0.1578222634  
0.2788400999  
0.5046919349  
-0.5030886073  
-0.3110961928  
-0.02463247701  
-0.2176226658  
-0.438977702  
-0.07323649166  
0.1460264552  
-0.219625438  
-0.2114543853  
0.1282318667  
-0.6604843169  
0.3885267707  
-0.3326154228  
0.1589161816  
0.6400439133  
0.1384144382  
-0.2163752858  
0.06166708572  
0.7541694846  
-0.1085232022  
-0.2032858161  
-0.4732364109  
-0.3485575675  
0.02041437673  
-0.5519283378  
0.2271918009  
0.09212059533  
-0.5370672852  
-0.9747904175  
-0.6296128623  
-0.3505196125  
0.2050528525  
0.08677931924  
-0.05876731907  
0.5101579195  
-0.6159095862  
-0.522845965  
-0.2166581551  
0.1192326364  
0.0899600765  
-0.2376384691  
0.4811396511  
0.694667473  
-0.4273192477  
-0.3338246089  
-0.004752703109  
0.2805493226  
0.09321460236  
-0.3670229225  
-0.4279122895  
-0.3639620505  
