-0.3617325907  
-0.5987353329  
0.2383045303  
0.4962405711  
-0.2756697802  
-0.8413875209  
-0.1276431005  
-0.3732755814  
-0.7817587903  
-0.2407282073  
0.03019884768  
0.6899337137  
0.9658564313  
0.3508038156  
-0.07121545763  
-0.1602544377  
-0.0431321279  
-0.4909363695  
-0.3987527474  
-0.5432556271  
-0.636935758  
-0.03123980576  
0.06235879429  
-0.5973818651  
-0.7549168115  
-0.4178061164  
-0.1356075571  
0.2253424706  
0.3121573772  
0.3829587254  
0.2227579833  
-0.2958181367  
-1.482342922  
-1.231938841  
-0.2259145299  
-0.2694722838  
0.1962460721  
0.1696143952  
0.8435964896  
0.5227609685  
-0.2707841726  
0.1051185915  
-0.2036200087  
-0.8343968705  
-0.6833942491  
-0.8725893866  
-0.6261353885  
-0.2229530268  
-0.8754030569  
-0.2659586386  
0.4635567402  
0.1555111233  
-0.4187064767  
-0.4233282208  
-0.3016663234  
0.5281846107  
-0.4446491668  
-0.1126744828  
-0.3210611524  
-0.09952162802  
-0.1162362891  
-0.7067168671  
-0.8429826055  
-0.08105773045  
-0.1892402076  
-0.7722403878  
-1.130804249  
-0.6542461865  
0.09185931753  
-0.1831666768  
0.07969341868  
0.2400405576  
