1.765687703  
-0.1388461021  
-1.390748053  
0.1468549998  
0.9958145815  
0.2550286478  
-0.7855175436  
-0.1923740108  
-0.04118493435  
-1.26158209  
-1.268841104  
-0.699756171  
0.6369143281  
0.9677843332  
0.02967063102  
0.4843828911  
0.1049823088  
0.3855347892  
-0.5674354207  
-0.3195026587  
-0.3497388194  
-0.2519632673  
0.5060315385  
-0.1907825156  
0.4659156886  
-0.07533887534  
-0.1253134015  
-0.437559656  
0.08764268811  
0.3202610916  
0.3103312625  
-0.3536730854  
1.463309668  
0.08755630372  
0.3629213849  
-0.2678835904  
-0.4926170417  
-0.6643854803  
-0.3206358513  
-0.3748797449  
0.544702206  
-0.1150568428  
-0.2836367543  
0.5520978455  
-0.1037152202  
-0.5819504028  
0.2741555352  
0.2566437455  
-0.06656849855  
0.5138619671  
0.6333449981  
0.1700999854  
0.4753899741  
0.6041883854  
0.5866523958  
0.1185584362  
-1.095704279  
-0.5377037925  
0.1194238045  
1.00879535  
1.412217943  
1.021563808  
-0.3676622206  
0.03503178119  
-1.025346394  
-0.4607960699  
0.4898193792  
0.245363546  
0.5924827545  
-0.2030792161  
-0.1151709845  
0.4519070724  
