0.1949715803  
0.4768953237  
-0.3857338717  
-0.6514905975  
-0.7859151687  
-0.5707319103  
0.5444599915  
0.584970383  
0.340006546  
0.01758907343  
-0.371144254  
0.1778996983  
0.3525635114  
0.0772421113  
-0.3667393233  
-0.2703310565  
0.2176238863  
-0.1286994909  
0.123267771  
-0.4197212964  
-0.04895604147  
-0.09101451384  
-0.6298793769  
0.3965122096  
0.4256725794  
-0.3620183491  
-0.5772270421  
-0.05879819236  
-0.03235451877  
-0.09970000602  
0.3461077017  
0.3154461633  
0.460166382  
0.3467325423  
-0.02770226213  
-0.2722104039  
0.06264993352  
-0.3780997811  
-0.5498898786  
-0.3490373374  
0.132977039  
0.2826766211  
0.4792272862  
0.4510415954  
0.02796837913  
0.05346168891  
0.2273998993  
-0.0299666818  
0.1264610494  
0.416091428  
0.2015163187  
0.1865964764  
0.2663282756  
-0.1702254713  
-0.2304803164  
-0.3081441031  
0.09193731766  
0.5138443536  
0.6947824151  
0.2684513777  
0.3613506463  
-0.3238252869  
0.03658290896  
-0.04610257439  
-0.1230539354  
-0.1561849473  
0.1956592973  
0.3261503718  
0.1867715358  
-0.1879365695  
-0.2699853492  
-0.1420850483  
