0.4671864241  
0.641065776  
-0.2727753509  
-1.181703497  
-0.8076496988  
0.2638025316  
0.8247497945  
0.516781293  
-0.2610841054  
0.1398408935  
0.7248701299  
-0.2117962384  
-0.03361143446  
-0.01127048518  
0.4027302976  
0.300468873  
-0.602030639  
-0.5104074632  
-0.320391629  
0.005711533754  
1.271607055  
1.127593376  
1.072657679  
0.5298238687  
0.1944680633  
-0.3957292064  
0.04107420078  
0.1487395373  
-0.6456845121  
-0.9475760989  
-0.4177197443  
-0.5405840368  
-0.05802457103  
0.8240038392  
0.20303751  
0.1267491732  
0.3317002683  
-0.08237865867  
-0.4259289294  
-0.2570241915  
0.01724352738  
-0.06048636423  
0.4059362975  
0.3496523581  
0.01331605493  
0.2817318078  
0.1863252765  
0.6501537866  
1.412973181  
-0.5252872911  
-1.175546973  
0.2913185423  
-0.5953505238  
-1.387901991  
-1.440231599  
-0.1695984417  
-0.1362003936  
0.2125752228  
0.6805922436  
0.5918140341  
0.1009838684  
-1.017484485  
0.02340744946  
0.5232031728  
0.8029407259  
0.8362638062  
0.2315397631  
-0.001004087592  
-0.3998669958  
-0.09482099862  
0.1240563148  
-0.4075970995  
