21.6167 
21.7975 
23.3692 
22.6593 
20.3339 
22.5224 
21.5217 
21.294 
16.2176 
18.1382 
26.3472 
27.1658 
20.2208 
18.9426 
30.6727 
27.9132 
17.9506 
18.6919 
35.7158 
29.159 
21.3663 
22.2501 
21.2544 
22.0958 
20.9906 
21.013 
31.5124 
31.7437 
45.1268 
46.1131 
19.8748 
19.7954 
20.6878 
20.3818 
19.9056 
19.0852 
19.0871 
19.2674 
23.436 
26.8629 
28.8028 
29.6615 
28.1513 
30.58 
47.0997 
40.6878 
39.552 
31.2003 
49.4999 
39.4089 
26.6359 
28.9924 
25.7759 
26.0704 
32.1728 
32.3204 
31.6164 
26.9649 
24.4536 
23.4108 
34.3382 
33.1183 
44.6404 
46.4302 
34.7207 
35.8513 
30.4424 
28.4071 
38.9101 
39.1565 
25.1411 
28.0282 
40.0862 
41.5191 
87.8304 
89.5061 
37.0069 
37.745 
41.0769 
43.8748 
20.3341 
22.2661 
36.4707 
35.5764 
51.6348 
48.8924 
30.0842 
26.9311 
35.7072 
33.8948 
20.164 
19.5825 
34.4477 
32.1846 
22.64 
22.6781 
21.8331 
18.9493 
20.4073 
19.7068 
