-0.06711543097  
-0.5934323323  
-0.1381560407  
0.4929296204  
0.4817335315  
0.6693107145  
0.4515696435  
0.4083660027  
1.089038508  
0.9780268053  
0.08041050952  
-0.4066471171  
-0.9156355262  
-0.1856635762  
-0.5669371864  
0.4427227114  
-0.5036424242  
-0.1881707499  
-0.09513005595  
0.04613277198  
-0.1658559947  
0.4309496245  
0.7744391513  
0.7730923224  
1.021793831  
0.4381627589  
0.12887632  
-0.3398477874  
-0.1032373874  
0.7129900534  
0.4475299883  
-0.1186444669  
-0.2540509975  
0.8411228853  
0.7457738566  
-0.6810565668  
-0.628130926  
-0.3833882495  
-0.3883058154  
0.4973898079  
0.7543902228  
0.1612687242  
-0.1784432026  
0.12170061  
0.0593932169  
0.05669482601  
1.366696642  
1.868272201  
0.719337821  
0.987149477  
-0.380656171  
-0.8156525567  
-1.000848759  
-0.6802379963  
-0.1930834871  
0.04080867748  
-0.1354924118  
0.6422912447  
0.2839318679  
-0.07797506256  
0.1658295605  
0.654837026  
1.052351527  
0.7091379114  
0.4520926622  
0.01144193191  
-0.5659974684  
-0.5317478345  
1.027956923  
1.377353762  
0.1453904455  
-0.1777198456  
