0.5379219535  
0.09608628152  
-0.4295769702  
-0.7160355439  
-0.4905304452  
-0.8588640878  
-0.6534576565  
-0.3897791238  
-0.9616164144  
-0.6234058465  
0.2716705464  
0.1708031446  
-0.1793066082  
-0.08078182802  
0.1369887646  
0.3990118266  
0.285471439  
-0.4148221494  
-0.7398743598  
-0.2882461115  
0.02420501529  
-0.7582291971  
-0.6239183345  
0.02062288711  
-0.5443221115  
0.03214821376  
0.3204071085  
0.2156026608  
-0.788428356  
-0.288901064  
-0.1790629834  
-0.8409515062  
-0.07037959022  
0.4040233353  
0.7098761743  
0.868633474  
0.5043667309  
-0.4832478052  
-0.6120894029  
-0.6081054673  
-0.3022128365  
0.06531500816  
0.0779765511  
0.05311777467  
0.30067033  
-0.3952946423  
-0.403056128  
-0.5284070685  
0.08090670742  
-0.01166239709  
-0.07862754921  
-0.3106752932  
-0.04262293424  
-0.4505661499  
-1.155826852  
-0.5488587837  
-0.6073002478  
-0.1268655385  
0.4157886678  
0.2542588617  
0.6512218996  
0.5325975569  
-0.3037563777  
-0.4183042426  
-0.1384768192  
-0.1980345092  
-0.361268251  
-0.03923737022  
0.1892524912  
-0.3117418464  
-0.02174900237  
-0.3752318923  
