-0.4052094894  
0.762148037  
0.2039707208  
0.8225281023  
0.1806055601  
-0.3236769085  
0.779766629  
1.165164508  
1.226172924  
0.3279062898  
0.02546198627  
-0.02618251153  
-0.005782886163  
0.5053918836  
0.9641881552  
0.5374666045  
0.07243302607  
-0.04140529448  
0.8824330163  
0.8608484535  
0.3857573012  
-0.3979378196  
-0.5475576096  
0.1005633465  
0.8055544123  
0.708755454  
0.166216147  
0.4765665339  
0.5343176024  
0.151841257  
-0.6608218253  
-0.7861091153  
1.125988211  
1.437371056  
0.7627510895  
0.5310450628  
0.8534190917  
0.8969108982  
0.1025333636  
0.01963542068  
-0.7884257299  
-0.6592957856  
0.4816443708  
0.5265589318  
1.135523757  
1.414609288  
1.552289989  
0.3412252212  
-0.4888555737  
-0.1423751545  
-0.07001927613  
0.6944881272  
0.8438560374  
-0.5810714966  
-1.335514998  
0.04986391354  
1.193558638  
0.8995329769  
0.6223619584  
-0.3777161052  
0.1490594839  
1.007911683  
0.37555472  
0.05329385214  
0.593519768  
0.1505272873  
0.1114111115  
0.7422977583  
0.540019142  
0.3115660219  
-0.5219694023  
-0.4537706534  
