0.1585165361  
0.7784464802  
0.8314101548  
0.8684166167  
0.2383180218  
-0.2119425251  
0.04322371056  
-0.1599474198  
0.3528118883  
0.7999238251  
0.170675385  
0.007460449371  
0.1147641021  
0.07454052442  
-0.02942418634  
0.4456771657  
1.311137602  
0.745713665  
0.4917019254  
0.2103770356  
0.6617857841  
0.2261586214  
0.2149606512  
0.08214268073  
0.7069902494  
0.4193763128  
0.2518886196  
0.5850521653  
0.7475139248  
0.2096537183  
-0.3479231984  
-0.5376864902  
0.3545707901  
0.514188561  
0.4946396796  
0.445555069  
0.5958212772  
0.5946725103  
0.8209624361  
0.706484373  
0.1299589985  
-0.5084544732  
0.1934554983  
0.8542856347  
0.6025308663  
0.7285356765  
1.050381464  
0.8026513511  
0.184172687  
0.1730143481  
1.193798305  
0.174364553  
-0.2048915409  
-0.2461655812  
-0.8125986615  
-0.5689509451  
0.7853474921  
0.9668614622  
0.5545610609  
0.7443890798  
0.6368501489  
0.2850020718  
0.1314509865  
0.3862639885  
0.4926306583  
0.520972586  
0.3812090355  
0.2953725907  
0.06359128873  
0.6986791622  
0.6423840923  
0.007945242618  
