-0.1722647829  
-0.3604428898  
-0.1840075841  
-0.340827991  
0.06084640162  
0.119940951  
0.1893974858  
0.304244551  
-0.09628116771  
-0.431697794  
0.4231140942  
0.9092887541  
0.3696657786  
-0.2166341016  
-0.1897496872  
-0.1558963502  
-0.5220823929  
-0.7314507608  
-1.098401105  
-0.7200924817  
0.1506799139  
0.6966608065  
0.3609023062  
0.7131947766  
-0.1626313933  
0.2065003996  
-0.09802543406  
-0.1897186927  
-0.4522984268  
-0.6820313104  
0.3200331796  
0.8804108431  
-0.002180819057  
0.3578905302  
-0.4989106371  
-0.6757430356  
-0.1965971556  
-0.02318213139  
-0.3495635766  
0.5651345211  
0.03111332856  
0.1998166093  
-0.2498451858  
0.02319992709  
0.7067297329  
0.201754899  
-0.0379495059  
0.2576098201  
-0.5028985723  
-0.009691344231  
0.1738250524  
-0.6118864954  
-0.2849993167  
0.1216060313  
0.3722261445  
0.1990421796  
0.1802428171  
1.024086028  
0.6917337671  
0.2278617363  
-0.09899797707  
-0.5954790143  
0.2177455441  
0.1349683982  
0.9838528994  
0.1128909454  
-0.8115478723  
-0.427583849  
-0.190718746  
0.6243096973  
0.5266332303  
-0.1500464806  
