0.03931104862  
-0.1623933554  
-0.06090409681  
0.2074886394  
0.3531097472  
0.3172949378  
0.004304037086  
-0.2930851479  
0.0210376676  
0.696031721  
0.7342520782  
0.5329128213  
1.478492983  
0.2151351244  
-0.4286898122  
-0.459993274  
-0.3352587168  
0.4753761456  
0.2540547479  
0.1682521403  
0.5378121491  
0.7390642696  
0.9868223557  
0.8664183791  
0.06768586447  
0.02713013421  
-0.2327721966  
0.5959652858  
0.5809543843  
0.1800326695  
-0.06112975039  
-0.5596271551  
0.1874173896  
0.318931801  
0.09760564821  
-0.5250209837  
-0.4840926301  
0.08985785042  
0.5026541097  
0.4423470274  
0.7828373566  
0.5556254955  
-0.1492514766  
0.1678094207  
-0.2489660955  
0.04850982404  
-0.255323174  
0.1830658426  
0.29945677  
-0.07918374162  
-0.1164593494  
0.2947345964  
0.3342332205  
-0.3888553381  
-0.0866027147  
0.3708457676  
0.4708529152  
0.3640465161  
-0.4441156862  
-0.1756616525  
0.1435991337  
0.1646971075  
0.2206714287  
0.1414130281  
-0.2431211754  
0.2475351044  
0.2335933325  
0.5512466688  
0.478277768  
0.2187290364  
-0.1713753829  
0.4895376081  
