0.1017111808  
0.1345776869  
-0.4105363455  
-0.1493384356  
0.5118487617  
0.08029848229  
-0.167239914  
-0.4932320634  
-0.09563839583  
0.3069109494  
0.5854972915  
0.3504953119  
0.208564919  
0.8840326783  
0.349896855  
0.1757599164  
0.05587742458  
0.1523047352  
-0.06700560509  
-0.3772528213  
0.1931267909  
0.3536543193  
0.4048834602  
0.2453719984  
0.4540358545  
-0.1276698328  
-0.2534601616  
-0.1807431416  
0.3002431364  
0.2326787704  
0.1718849261  
0.3220753403  
0.003737003567  
-0.1501889397  
0.4654189033  
-0.2421047948  
-0.666378257  
0.03257108225  
0.00283418086  
0.05361294585  
0.5477314639  
0.03646651303  
-0.07231648813  
0.03755273641  
0.3498711436  
0.2047191733  
0.4699724084  
0.3323887813  
0.5083529344  
0.2734113643  
-0.05562021761  
-0.3086486355  
-0.3156819112  
-0.2797379174  
-0.1256661763  
0.305003709  
0.4110696278  
0.01642110096  
-0.7783223082  
-0.1269953161  
0.4601453585  
0.4279220323  
-0.009060098447  
-0.226396126  
0.8973461398  
0.2185743074  
-0.1301440126  
0.1081415037  
0.1605772468  
-0.1149905073  
0.3249976236  
0.1233239493  
