-0.1775997304  
-0.2171239287  
0.3815618546  
0.5936046141  
0.4355524421  
0.4218756025  
0.02126053191  
0.2972297095  
-0.1960455093  
-0.4540942001  
0.167393141  
0.4517452058  
0.214723193  
-0.08385238468  
-0.2053580474  
-0.08374102669  
0.5333006907  
-0.000385703617  
0.03160136918  
0.5431848304  
0.194806377  
0.009152160859  
-0.4347268445  
-0.4750170229  
-0.1518107804  
-0.1972820099  
0.2615543837  
0.1565659701  
0.3848648122  
0.3756410234  
0.2326056356  
-0.4716396339  
-0.1834518368  
0.2610550426  
0.9035229149  
1.023410505  
0.8032647726  
0.5001349039  
-0.07369761164  
-0.08466813199  
-0.2042739918  
-0.4530039573  
0.4071023947  
0.3023617934  
0.7272959367  
0.5876997209  
0.3129012776  
0.01605317614  
-0.6446178025  
0.1979349922  
0.2649525438  
0.4784612482  
0.7474212041  
-0.1414588666  
-0.8418212284  
-0.6363354809  
0.1459709751  
-0.6072170805  
-0.6532764983  
-0.1704433789  
0.7251509709  
1.8647341  
0.1458365764  
0.1476400123  
0.326208169  
0.01214062432  
-0.2241470427  
-0.1649102237  
0.5254749223  
-0.2785151685  
-0.1171141275  
-0.497416893  
