0.7424719817  
0.1915641707  
0.3004300348  
0.3969085551  
0.4713632697  
0.4898119561  
0.2803062589  
0.1635142322  
0.3326347922  
0.2257323447  
0.1957761341  
0.6249747571  
-0.3288183418  
-0.8462057084  
-0.6767663049  
-0.5204761308  
0.2833151293  
-0.1312182885  
0.08720365673  
0.4545620327  
0.4974121701  
-0.1175138979  
0.06545547387  
0.6285677923  
0.7526634375  
0.7256483587  
0.3634003243  
-0.07374738566  
-0.3872398679  
-0.1809829969  
-0.4298694474  
-0.08215157989  
0.1295999809  
0.5967192171  
0.3891328236  
0.2733948895  
0.1883321897  
-0.06022439823  
0.0900048794  
0.1222162023  
0.2822674427  
0.3693871983  
0.1659940675  
0.3216758203  
0.1354114691  
-0.03347284898  
0.04313102613  
0.6154532826  
0.4066912451  
0.4069361355  
0.3894076656  
0.1309887806  
-0.1459464331  
0.08431190551  
0.001902749296  
-0.3461550879  
0.8680639475  
0.3862662176  
0.03295452891  
0.08578978166  
-0.1866174948  
0.03564987518  
0.2928328292  
0.05807514158  
0.3630785804  
0.5408809219  
-0.05081346539  
-0.2465961924  
0.520011877  
0.2399669225  
0.08285698805  
0.5590013438  
