0.8151023101  
1.187894166  
1.238034218  
0.5684516455  
-0.4604107224  
-0.04970495226  
0.07052097857  
-0.1930767657  
-0.8987060207  
-0.1197262145  
0.07219409122  
-0.2485576443  
0.4298707146  
0.4884844341  
0.7356962403  
0.1449005106  
0.5814436426  
0.7259539771  
0.1498992498  
-0.3040183011  
0.4650035202  
0.783833758  
0.7251344527  
0.4130135121  
0.2077045496  
-0.3360571275  
-0.3320569941  
-0.1187612869  
0.5138254784  
-0.3931138565  
-0.5791029834  
-0.1555477487  
-0.2200221501  
-0.03605689396  
0.7847228457  
1.162047733  
0.3279097751  
-0.1323855432  
-0.0198903411  
0.2832100801  
-0.6291321641  
0.2967519696  
-0.1125117766  
0.01829860016  
0.6685963859  
0.5961293934  
0.7799280756  
0.7113203383  
-0.01834574761  
0.3720593731  
0.109319239  
0.6178506713  
0.1771132265  
-0.76822758  
-1.047646727  
0.2011288616  
0.5378624103  
0.240922164  
0.1479313364  
-0.08465054121  
0.3641749641  
0.9423465452  
-0.6959988549  
0.04938293868  
0.4598926944  
0.1842324034  
0.6301487069  
0.557492813  
-0.05106896488  
-0.1500575448  
0.2034433907  
0.4493794803  
