0.3332932318  
0.3161114217  
0.2152629307  
0.4244210965  
0.06636079136  
0.2441058516  
0.03661626717  
-0.2981324345  
-0.04420497523  
0.2703003927  
0.8148602433  
1.342662983  
-0.198520419  
-0.7974075465  
-0.6885017825  
-0.438808651  
0.04003449152  
-0.1702678114  
0.09769751372  
-0.01549239726  
-0.2129040483  
-0.67465351  
-0.2031691647  
0.460144472  
-0.7822736482  
-0.2352136793  
0.2928283507  
0.002707271163  
-0.1281257507  
-0.123173063  
1.7647751  
1.452103144  
-0.3030435286  
-0.6682642808  
-0.5234034391  
0.7956810279  
0.452709829  
0.0279400631  
-0.8352470491  
-0.4318654096  
-0.229124291  
-0.4318723766  
0.2620141283  
1.020113116  
0.672995692  
0.2595427643  
-0.162860402  
0.05713414643  
-0.2248375848  
0.02519553101  
0.04910587504  
0.1104088632  
0.7583211978  
0.5855550757  
0.3838387213  
-0.3281394443  
-1.211630104  
0.001231732141  
0.2051254086  
-1.391793156  
-1.118083819  
-0.007198116105  
0.6854027397  
0.3316855356  
0.2553328901  
0.116976766  
0.4985187506  
0.5157243961  
0.1506412653  
0.2129689279  
-0.1480749825  
-0.5671675933  
