0.0995232406  
0.3265852665  
0.4769539585  
0.5188605271  
0.2294382906  
0.2471153493  
-0.1223216406  
0.02214768289  
0.4182260926  
0.6714156788  
0.4713606674  
0.8664250711  
-0.07802568421  
-0.6138115149  
0.05448441913  
0.01336970813  
-0.2057393415  
-0.3069187703  
-0.48966209  
-0.03114274458  
0.2148517829  
0.352773433  
1.141813883  
0.6608180464  
0.6575670297  
0.2702657271  
0.2569091771  
-0.1358607378  
0.05123360494  
-0.1857377597  
1.415601952  
1.596674038  
-0.4720927915  
0.148897491  
-0.2662368503  
-0.7764703616  
-0.05569969627  
0.3951884398  
-0.1174521062  
-0.3234188074  
0.07059196187  
-0.3137943903  
0.05348393556  
0.8714853668  
0.569940127  
0.09312619896  
1.011411181  
1.421822094  
0.8163233164  
0.5930802673  
0.1255768647  
0.05722567478  
-0.2998219972  
-0.01105915206  
0.1353365736  
0.1119769604  
-1.246550565  
0.3749491043  
0.3866893302  
-1.786228911  
-1.537321471  
-0.03975518608  
0.4550741352  
-0.1849768134  
1.745795435  
1.026104885  
0.5911276725  
0.8435353627  
0.9751388525  
0.4736755478  
-0.3167403831  
-1.083685788  
