-0.6620880884  
0.1921273317  
-0.09517970544  
0.1526601102  
0.4298900548  
0.1236904954  
-0.3037688232  
0.7418343656  
0.4884544666  
0.2204615152  
0.7003326963  
0.7389451312  
-0.3863698414  
0.2150238305  
-0.1330920717  
-0.6876920905  
-1.048888399  
-0.5830030702  
0.6539589104  
1.120527684  
0.1898020894  
1.618768545  
1.300308076  
-0.07676319974  
0.4436194093  
0.2193250197  
-0.2377807934  
0.2638023825  
1.081395585  
0.2051331158  
-0.7144964847  
-0.4523310567  
-0.3950042242  
-0.05910168121  
0.4599361361  
0.2795344454  
0.1260914333  
0.2221783584  
0.7435792245  
0.7867674059  
0.4601619118  
0.4332125217  
0.07542309538  
1.294367307  
0.9806297069  
0.6601274586  
-1.48603885  
-1.011020786  
-1.078262732  
0.816210066  
1.597802862  
-1.10839799  
-0.6817606911  
0.02371620818  
-0.2898106881  
-0.5776045627  
-0.456321287  
-0.09304733614  
0.02366531287  
0.3593755737  
1.007526316  
-0.2276453757  
0.1266030983  
1.383163954  
0.2987338312  
0.5369448897  
0.3210872251  
-0.416883807  
-1.349403384  
-0.3170712167  
1.133834102  
0.2370300207  
