0.1704165459  
-0.06461023456  
0.05134526777  
0.2627249007  
-0.3262576395  
-0.2634480005  
0.2886999427  
0.347721144  
-0.2099308147  
-0.7275189439  
-0.3152198009  
0.6215654239  
1.130701463  
0.5358602266  
-0.03889445326  
-0.194775775  
-0.4690132189  
-0.8004216146  
-0.5526656477  
-0.6916089361  
-0.3020591577  
0.1226202173  
0.4141037238  
1.354640353  
-0.8406608683  
-1.363054672  
-1.465748968  
-0.6089707408  
0.7408081155  
1.414452211  
0.7293513312  
0.4593084562  
0.1863528415  
-0.2988035525  
-0.491320351  
-0.6505644759  
-0.29733596  
0.2694972755  
0.6921764448  
-0.003994247533  
0.2316999345  
0.007448889186  
-0.3092418864  
-1.029810274  
-1.19079923  
-0.317630662  
0.781987104  
0.149139294  
0.4122617764  
-0.3827987215  
-0.3713009327  
-0.02680260754  
-0.1295064669  
0.2334640686  
0.2594297099  
0.1594130667  
0.4224616091  
0.5162147207  
-0.3120642641  
-0.6046395637  
-0.08565282959  
0.04666165547  
-0.8307898307  
-0.1521465478  
-0.5491781667  
0.2593814276  
1.00508105  
-0.1060301923  
-0.4911817372  
-0.9940905412  
-0.4212778058  
0.07110932262  
