0.1778083878  
0.1156244308  
-0.3236738779  
0.05679545409  
0.3169115134  
-0.2462404811  
0.1991309759  
0.05000821621  
-0.5316990234  
0.2684651108  
0.3678223963  
0.8923778067  
0.02753724266  
-0.1247237614  
-0.04438555921  
0.2332969759  
-0.03115428375  
-0.2707224972  
-0.462878994  
-0.5630661717  
-0.3867514522  
0.07760237424  
0.2812825208  
0.1570944433  
0.184273219  
-0.01501856509  
-0.1788507435  
-0.1155355226  
-0.2574492835  
-0.3557962066  
0.1902922379  
-0.07405144819  
0.4632454232  
-0.4376679352  
-0.3524248194  
-0.322026568  
-0.5132770856  
-0.1816243604  
0.1614986905  
0.2467304251  
0.06098136431  
-0.04739712519  
-0.2874101843  
0.4442845006  
0.3817632052  
0.4013057969  
-0.1856338883  
-0.8775506627  
-0.4506917356  
-0.2204456533  
0.1383630478  
-0.04887922667  
0.379676193  
0.1128353255  
0.09572858917  
-0.04620526202  
-0.2784351592  
0.3141739717  
0.6247074656  
-0.8751207514  
-0.9314653824  
-0.3748908137  
-0.1636945532  
0.3904755622  
-0.005366630656  
0.2410103369  
-0.196731372  
-0.5121081179  
-0.7521068919  
-0.1320756061  
0.3839770558  
0.187344068  
