0.68790645  
0.4708286559  
0.08694985123  
0.4270297091  
0.5621341006  
0.3019719149  
0.2557645834  
-0.03662311342  
0.2192488067  
0.4473303306  
0.7825319201  
0.4477734858  
0.3155589031  
0.1975213637  
-0.06404484403  
-0.3813826123  
0.5580481774  
0.8189853304  
1.435790575  
0.8128784139  
0.3697586725  
0.1158542615  
0.1989537077  
-0.03485308436  
0.7654521478  
0.1762547112  
0.1723849336  
-0.1983188362  
0.1692460105  
0.2670482279  
-0.3503596924  
-0.2305980711  
0.557996691  
0.9074192386  
0.5678274555  
-0.1962034044  
-0.5802756845  
0.1257261328  
0.5733291336  
0.2467960087  
0.5035965485  
0.166077068  
-0.02521220418  
0.4972396786  
0.2413998306  
0.3439281914  
0.009544413027  
-0.1070023781  
0.9238871541  
0.4250783294  
0.07242374517  
-0.2396273209  
0.1912735861  
0.9639500201  
0.86628177  
-0.06481589782  
0.8431309349  
0.6078139334  
-0.4810239029  
-0.017813393  
0.5165328171  
-0.2886570128  
-0.3008285603  
0.427791522  
0.4984804191  
0.4791781763  
0.1669397981  
0.1486764804  
-0.2704766168  
-0.3266477877  
0.1634190517  
0.2657085478  
