0.4192263525  
0.06008375418  
0.3799681677  
0.2590649918  
-0.07643646893  
0.02511522837  
0.1597682068  
-0.2773409479  
0.1551279367  
0.6252678442  
0.6233449244  
0.5066783972  
0.2020983476  
0.2499737959  
0.21232404  
0.1534608789  
0.4690412573  
0.2695613574  
-0.1846964786  
0.03658567882  
0.06602471111  
0.05941828854  
-0.1248846922  
0.2946010585  
0.1475772356  
0.2098683372  
0.02084597052  
-0.04310685012  
-0.0253790957  
0.5000005641  
0.531349972  
0.5261493709  
0.1887601267  
0.32020914  
-0.07677909885  
-0.2238418903  
-0.2428530898  
-0.2683584387  
-0.07678962815  
-0.07333729961  
0.9297835882  
0.191431942  
0.2108223599  
-0.02995643741  
-0.349626278  
-0.1324802006  
-0.0817489286  
0.2430702497  
0.8483270096  
0.5337767478  
0.4446918611  
0.04571633522  
-0.1446806844  
0.1199397785  
0.2057639116  
0.5385572193  
0.2712244777  
0.411980041  
0.3749254666  
-0.1499397669  
0.04680439768  
0.2448687416  
0.04615450549  
-0.2865158926  
0.3045686849  
-0.2221833396  
-0.1595894406  
0.2941824987  
0.2231954086  
0.2650912445  
0.3227757264  
0.2358319504  
