-1.130423518  
-0.6237067375  
-0.2114453716  
0.4476557641  
1.36605561  
1.159061675  
1.375131471  
0.81668447  
-0.3549506212  
-0.1971554868  
0.5535703372  
0.9668064902  
0.7124335036  
0.4028972019  
0.381950808  
-0.3481029529  
0.3893663646  
0.2034853716  
-0.171514775  
0.05851854855  
-0.05903125201  
0.008940867001  
0.1925551493  
0.2603500925  
0.6225120125  
0.00924849471  
-0.2992635504  
-0.2830378364  
0.2111007877  
0.8439078025  
0.4156146802  
0.5414115732  
0.1094133136  
-0.3161080884  
-0.04367636928  
0.4524325697  
0.5777366993  
0.05540485798  
0.06186591795  
0.5260728802  
0.6044879195  
0.7131848971  
0.1059123007  
-1.139717326  
-1.07605813  
-0.1779124235  
0.05884253273  
0.1155713466  
0.4497116252  
0.1901069762  
-0.1311839641  
0.5520190571  
0.6087800323  
0.0599291756  
-0.04720332277  
-0.5245007852  
0.6631707559  
0.842816187  
-0.01841501343  
0.06005240075  
-0.4893956039  
-0.6750335933  
-0.3027726992  
-0.1833044173  
0.508046441  
0.8777777917  
0.4913205818  
0.07599227307  
0.8692281206  
0.1080337324  
-0.5779284741  
0.0982091234  
