0.1993053631  
0.1009321894  
0.2533396816  
-0.1604631484  
-0.2538070001  
-0.4565200365  
0.304358623  
0.1964662371  
0.1876562886  
-0.06537054401  
-0.3864583846  
-0.1609717138  
-0.124492998  
-0.3014337766  
-0.2138374026  
-0.07964253475  
-0.2669768259  
-0.9836577812  
-0.3862965516  
-0.07008783524  
-0.4769805379  
0.9046170208  
1.012410108  
0.2088755481  
-1.137495455  
-0.4980794309  
-0.4348016976  
-0.5266012809  
0.3216012346  
0.6782535254  
0.822368581  
0.05886709859  
-0.5747943488  
-0.8205105226  
-0.4092865553  
0.2163896909  
0.3312268823  
-0.1513367417  
-0.7700961327  
-0.03760990682  
0.03077304736  
-0.01738006102  
0.182578673  
-0.3068898296  
-1.056660449  
-0.8517863144  
-0.3677724173  
0.1317477628  
-0.0578005955  
0.473251066  
0.3385507285  
-0.2002174155  
-0.6585477994  
-0.09714362108  
0.207269719  
0.0487279765  
-0.3403043947  
-0.2538158225  
-0.06954317357  
0.3186633344  
-0.2730989799  
-0.5886839836  
-0.1585859931  
-0.1298823492  
0.227811868  
-0.2643407635  
-0.8923978404  
-0.5172856784  
-0.3694544117  
-0.1635374111  
-0.1965023458  
-0.6764594242  
