-0.3955709005  
-0.342422594  
0.4487110925  
0.8587742542  
0.597021445  
1.016138694  
0.5106981436  
0.6419095797  
-0.0411476435  
0.9764653035  
0.642259635  
0.07802614178  
0.690670454  
0.3006416248  
0.04556249964  
0.5428122988  
0.220516139  
0.4435269315  
0.3267058679  
0.3447833635  
0.2632821893  
0.3353551171  
-0.4305268657  
1.24781383  
0.5103922447  
0.0227802039  
-0.3390009276  
0.5087001575  
0.3169908415  
-0.9992948245  
0.528834121  
1.888658016  
1.015369009  
0.3831418592  
0.2958215156  
-0.0884837218  
-0.4750259862  
-0.7743643799  
-0.4188727741  
0.2758947642  
1.993386686  
1.350275168  
0.0727948019  
0.4320494686  
-0.2252151429  
-0.59929385  
-0.1469110376  
0.1198991298  
-0.2419012989  
-0.1449799912  
0.1002583723  
0.8376918853  
0.4626646858  
0.6449790464  
1.023446467  
0.6455023948  
-0.1535266214  
-0.04425615621  
1.631885399  
0.6095154975  
-0.6908385777  
-0.4091267852  
0.8378382902  
0.7568274556  
-0.06247559974  
1.813094512  
1.463167049  
0.2392936525  
1.185075882  
0.5471019884  
-0.2721331731  
-0.2943045442  
