-0.4926628467  
-0.1412606524  
0.4511305274  
0.4181091742  
0.2538342936  
0.06549341566  
0.3386265022  
-0.3609865212  
0.3364803705  
-0.08344013842  
0.09920073596  
-0.07979484259  
0.5668644737  
0.7104412121  
0.355772749  
-0.0817801011  
0.4269425778  
0.5148802087  
0.3303414951  
-0.09948892846  
0.01411265943  
-0.0162499176  
-0.3796572911  
0.06226756198  
0.2220205161  
-0.02721062648  
-0.01586893721  
0.6213336668  
0.4305378946  
-0.4278989855  
0.1166854127  
0.3659041251  
0.3332796076  
0.250020416  
0.1028951007  
-0.4439923777  
0.01593130587  
0.461974215  
0.1495150015  
0.6637143993  
0.736692788  
0.0895902541  
-0.2404991644  
-0.07480905094  
-0.08600033453  
0.204607947  
-0.2652565775  
0.068850903  
1.035990512  
0.1427259124  
0.08398215523  
-0.1189061279  
-0.3180854083  
0.009189184944  
0.1282888606  
-0.2202443968  
0.8489088344  
0.5311926314  
-0.08470932348  
-0.1682791463  
0.2628316733  
0.5514947717  
0.3160680919  
0.006844680271  
0.1582409999  
1.059215043  
1.126482203  
-0.1355344655  
-0.4538625124  
-0.1175732451  
-0.2365628669  
-0.04089542669  
