0.4218389376  
-0.07503438878  
-0.08960540828  
0.1469377903  
0.1744628976  
-0.4104998623  
-0.230613535  
0.0121144723  
-0.2336176006  
0.2494179281  
0.2039315416  
0.4286863902  
0.5007267818  
0.03452947501  
0.002856776118  
0.1084673987  
0.3240247271  
0.3223507083  
-0.1331615248  
-0.2019589351  
0.2418504455  
-0.2933473311  
-0.07752199804  
0.2906473052  
-0.7971645578  
-1.938801628  
-0.171398904  
0.5317504892  
-0.2613615437  
-0.6879955765  
0.1518791602  
1.065387518  
1.020708657  
0.3719987671  
-0.4624128781  
-0.4875734722  
-0.1132882684  
0.1781242207  
0.1852874861  
0.7057771898  
-0.1060512433  
0.3521985643  
0.04573671481  
-0.5759080326  
0.2858824124  
0.1874701208  
-0.3506174958  
-0.1305558123  
1.26711401  
0.203637297  
0.005663162195  
-0.6839320338  
-0.7207986179  
0.0983925637  
0.3075404949  
-0.7371992739  
0.4528930273  
-0.220780784  
-1.135853785  
-0.5551443869  
0.8098763047  
0.7491060909  
0.9994931033  
1.14804207  
1.039841384  
0.6544855753  
0.3771066536  
0.07568125917  
-0.3881498642  
-0.6374376  
-0.9342494262  
-1.170566471  
