0.1450152038  
-0.4433204782  
0.2762252837  
-0.05057310646  
0.1953543793  
0.8839022589  
-0.1777572091  
-0.07781785413  
0.2407918057  
0.4117560191  
-0.477092045  
0.3655322505  
0.3757160107  
0.05765949445  
-0.1131478759  
0.0147627894  
1.374005051  
-0.2850710185  
-0.7744730578  
-0.231127649  
-0.2446817811  
0.2179063915  
0.04972273543  
0.2113718336  
0.4778673549  
-0.1027091867  
0.2480969325  
0.6467476219  
1.296461124  
0.6568824978  
0.0206992136  
0.06996785732  
0.1457020705  
0.3817864421  
-0.3836998908  
-0.9099674076  
-0.4430416864  
-0.254948418  
-0.2517093498  
-0.5022256536  
0.4202829419  
0.7478546873  
0.9272834486  
0.3818275336  
-0.2579198382  
0.3629274892  
-0.008900521617  
0.1447497506  
0.9632284657  
0.4344498206  
-0.504777408  
-0.1819570529  
0.4758434464  
-0.1567004549  
-0.8284904435  
-0.4240483663  
0.4590021117  
0.09951563101  
0.4923572148  
0.8834428077  
0.6003355427  
-0.3962580971  
-0.5663320423  
-0.442890292  
0.83819976  
0.6598415323  
-0.51180889  
-0.4096738145  
-0.1661588848  
-0.06602074088  
0.3380854282  
-0.16325136  
