-0.1428340306  
-0.5135328753  
-0.1707910527  
0.06339606721  
-0.148826564  
-0.1793033233  
0.02545608825  
-0.3478613321  
0.170849934  
0.2965241212  
-0.07679897684  
-0.3175123178  
-0.06179050062  
0.1469148451  
-0.4284766412  
-0.3125212151  
-0.1043679426  
0.1133252698  
-0.1623971075  
-0.4108779231  
0.03755788664  
-0.2309514937  
-0.4025287203  
-0.2172060092  
-0.02857175136  
-0.3025533204  
0.2368961452  
0.4331442655  
-0.09059949611  
0.0248432728  
-0.4986950657  
0.4689483637  
-0.222278314  
-0.05714860465  
-0.1263599443  
-0.7436856267  
-0.3406210127  
0.1364268049  
-0.1237791873  
0.2389030862  
0.2697774459  
0.3621556156  
0.2336233515  
-0.4666878575  
-0.3672478073  
0.02145549802  
-0.2970288476  
-0.1589986485  
0.2956383438  
-0.08693559207  
-0.1360792175  
-0.4343763466  
-0.3164534716  
-0.3259731998  
0.08515462625  
-0.05571933305  
0.05608144497  
0.2415085404  
-0.1835838483  
-0.2105166502  
0.05948919573  
0.398541274  
0.3613507463  
0.112999253  
-0.2905000078  
0.9636246207  
0.915534494  
0.3060077931  
-0.2564125606  
-0.5209222882  
-0.9586380153  
-0.5713644052  
