0.161196276  
-0.05626591736  
-0.4728401852  
0.07253007297  
0.03405269961  
-0.02553969837  
-0.3463834077  
-0.8051411804  
-0.44635847  
0.1023185979  
-0.3666563586  
-0.2961563146  
-0.1549716755  
-0.3032812185  
-0.4348345839  
-0.7222068867  
0.8261217902  
-0.2801510943  
-0.8092521765  
-0.8030859976  
-0.2511536291  
0.4262448405  
-0.176058764  
-0.2741646344  
-0.02918133806  
-0.1222912879  
0.06094591947  
0.008847500149  
0.23095801  
0.2765091225  
-0.3815475619  
-1.245087341  
-0.2395813146  
-0.2341687374  
-0.3752308743  
-0.6420265203  
-0.4772524915  
-0.5002737286  
0.05866706136  
0.262773019  
-0.4083903793  
0.4785475327  
0.1121130469  
0.1940574262  
-0.6492130302  
-0.9790566222  
-0.4347310561  
-0.1620027185  
0.750444342  
0.4359683369  
-0.7809856627  
-0.4978071714  
-0.01385395484  
0.3656288997  
0.458962075  
-0.1818595372  
-0.5871744219  
-0.07200357828  
0.1361398783  
-0.4211217887  
-0.766397026  
-0.6640563149  
-0.3193711709  
-0.4042059811  
0.6628819904  
-0.1640333298  
0.1312067972  
-0.160726307  
-0.2226794707  
-0.3020861149  
-0.2191963875  
-0.06841352288  
