0.1366746431  
0.1378502857  
-0.03224173257  
-0.1470664692  
0.09682674628  
-0.4146746132  
0.02356495074  
0.5295624537  
0.5634075237  
0.2563034686  
0.4035585887  
0.5126245036  
0.2484905879  
0.2957880623  
-0.4927236196  
-0.3020755649  
-0.07324296295  
0.3078167491  
-0.2145191711  
-0.03559561098  
0.5867045193  
0.114872126  
0.1648235437  
-0.1228110308  
-0.154293655  
0.06014986297  
1.729843975  
1.339054139  
-0.5374551859  
-1.183865601  
-0.3097161099  
0.4663151746  
0.4379093955  
0.1853991196  
0.09433943308  
-0.01179497566  
-0.3088775884  
-0.4657242039  
-0.09863895825  
0.05566511323  
-0.1585269583  
-0.5306219216  
-0.6480358499  
-0.02351277302  
0.9314615324  
0.1907564288  
-0.4495190971  
-0.1932133976  
0.8592412276  
0.3224144217  
0.115395201  
-0.8510562805  
-0.7586848779  
0.4282835376  
0.4224315123  
-0.3079177392  
0.9154105386  
0.4483893191  
-0.4093479032  
-0.2808943828  
-0.06136923171  
0.2003946212  
0.3186788459  
0.04286864111  
-0.645004018  
0.764968675  
1.145283927  
0.4727766935  
0.3276782712  
0.1569145848  
-1.008196881  
-0.6894967323  
