-0.2185300674  
-0.8767232087  
-0.122110548  
1.050199278  
0.2124919303  
0.0403036834  
-0.3659663653  
0.0750055768  
-0.3972046565  
0.004464316182  
-0.1644472378  
-0.1869639539  
0.04972578026  
-0.01146534713  
-0.6906070623  
-0.831829893  
-0.176422327  
0.3209876704  
0.1367211201  
-0.2191931352  
0.2558910837  
0.305737534  
-0.04161317078  
-0.1772338003  
0.4535835956  
-0.3104586315  
-0.2333363346  
-0.4083404304  
0.05804609154  
0.349221276  
0.05731902644  
-0.09876213507  
-0.5140309791  
-0.5192602049  
-0.2499269366  
-0.01030936288  
0.20868622  
0.1619170739  
-0.09786806099  
-0.09174392647  
-0.4430702702  
0.1341042731  
-0.1802269205  
-0.7535477727  
-0.01610918657  
0.6181793223  
-0.2274240844  
-0.3037145053  
0.6350059025  
0.06779791081  
-0.7262190188  
-0.186201815  
-0.3560666439  
-0.8203000787  
-0.1433829408  
0.15644078  
-0.03173007347  
0.2235108618  
-0.04553685298  
-0.18813997  
-0.1907840702  
0.01450735684  
-0.3358206401  
-0.5062483251  
-0.4463283473  
-0.3064447085  
-0.03561308098  
0.6053071136  
0.7947779474  
0.4929722525  
-0.2171508059  
-0.09560483106  
