-0.2239310217  
-0.0871759798  
0.2602391354  
0.321824248  
0.05327546832  
0.2515999837  
0.003313024332  
-0.6629780016  
-0.1477708343  
-0.2121466888  
-0.4300628261  
0.2363067244  
-0.4049499536  
-0.6680794403  
-0.3931928224  
-0.8276093371  
1.02890106  
-0.1653987942  
-0.6884025995  
-0.4221347911  
-0.7007313312  
-0.2325467878  
0.1681364747  
1.0007399  
1.106120968  
0.05342611406  
-0.4704572415  
-0.6001468816  
-0.02751314836  
0.2767870829  
-0.1732456636  
-0.5633265133  
-0.6468491476  
-0.4770825779  
-1.163302597  
-0.4059921966  
0.4016531285  
0.1272336251  
-0.07357590048  
0.2232203724  
-0.2505702117  
0.6407929035  
0.4108170706  
0.3188408167  
-0.2528660786  
-0.646123163  
-0.789789496  
-0.2453852847  
0.7839125833  
-0.6022225814  
-1.012940106  
0.333107852  
0.7784297552  
0.2191496104  
-0.9617083396  
-0.2753347184  
-0.3098878731  
-0.5514613218  
-0.367899536  
0.01362778266  
0.7392856054  
0.5905474408  
0.1021821663  
-0.9131285713  
0.6897511349  
0.4015949054  
-0.9135099793  
-1.064549332  
-0.4211615987  
0.2995113628  
-0.3432219343  
0.09057203835  
