0.1673410876  
-0.1987589668  
0.10431321  
-0.1449089967  
-0.01586337562  
-0.0348441221  
-0.1744294787  
0.1137238106  
-0.09374822478  
-0.08799411677  
-0.3865087227  
-0.001994544  
0.1676017226  
-0.1927907087  
0.01350641709  
0.01704926297  
0.7800561726  
0.6664647023  
-0.0670893443  
0.2055670152  
0.256188223  
-0.06825714262  
-0.1345647757  
0.3895863039  
-0.3322342  
0.001447129839  
0.04441141435  
0.1658062857  
0.1742547623  
0.4624817208  
0.4517295447  
0.7255338843  
-0.4457945337  
-0.181532938  
0.1067556938  
-0.1343874607  
0.1609328021  
0.1805833288  
0.2539435912  
0.3642049854  
0.3273740182  
-0.2372231702  
-0.1164092614  
0.745097678  
0.1817548043  
0.2823360886  
-0.2032105617  
-0.5548307851  
0.5676219035  
0.4426607982  
-0.218152197  
-0.3498453555  
0.3597217269  
-0.08494871676  
-0.6483311416  
0.3016070618  
0.4057954146  
0.1587997627  
-0.01416543087  
0.5427860491  
0.5620058115  
0.05879572742  
0.2056055838  
0.6432167446  
0.5090576253  
0.2359008993  
-0.3119263111  
-0.3329110207  
-0.3543878243  
-0.1964650331  
0.2912765163  
-0.2059437906  
