0.1788520577  
0.03675793778  
-0.07720377668  
0.1396432678  
0.05183621638  
0.01586916163  
0.02697909284  
-0.7183577463  
-0.4956622887  
-0.2045072396  
-0.7625764  
-0.3549404141  
0.1712303447  
0.01088319018  
-0.1806023242  
-0.4958785791  
1.156573943  
0.6523152873  
-0.423033807  
-0.578062886  
-0.5859447088  
-0.227781544  
-0.4764737162  
-0.008852712173  
0.04078065251  
0.04278695882  
-0.1213815311  
-0.2033976931  
0.3552912229  
0.1508386639  
-0.1677114899  
-0.684365864  
-0.8028807751  
-0.1441683516  
0.0829368567  
-0.2372231005  
-0.09847649991  
0.02565499199  
0.3510231486  
0.557698259  
-0.1803514562  
-0.3557582378  
-0.2533771113  
0.3353801451  
0.1448962966  
-0.01330891957  
-0.6949378167  
-0.6899133583  
0.5865755228  
-0.2387456645  
-0.8452726114  
-0.2894937336  
0.3865504077  
-0.5050504364  
-0.7636218181  
-0.2110110578  
-0.09515626748  
-0.3102343578  
-0.01128976366  
0.1306425984  
0.3725182991  
0.01183905487  
0.08007773429  
0.006607231635  
0.487152469  
-0.1266266266  
-0.4892136055  
-0.8713065716  
-0.7235205919  
0.05898725124  
-0.09890769437  
-0.1072892025  
