-0.5552673843  
0.4854347209  
1.245574474  
1.267198798  
1.132955554  
-0.2834532976  
-0.3551872112  
-0.2880989136  
0.6473107667  
0.4713006648  
0.1149328776  
-0.3370142731  
-0.4149573112  
0.3965984646  
0.7793304009  
-0.2293604816  
-0.8991297372  
0.03958892979  
1.016781022  
0.8500179229  
0.7383385552  
0.7595744451  
0.3763223557  
-0.2075957978  
0.2253229773  
0.3851977215  
0.5604333372  
0.4311648026  
-0.1553834884  
-0.2944645692  
-0.6461092734  
-0.3563634973  
0.6477910956  
-0.1552794033  
-0.36088471  
0.461558729  
0.7968922031  
0.4480955013  
0.1529834686  
0.1203251406  
0.2643578842  
0.06763107687  
-0.4120999219  
0.2211171988  
0.568061744  
0.8587727934  
-0.07472392838  
0.202796967  
-0.5910269765  
-1.002835269  
0.08533180817  
0.2043908787  
0.09334859879  
0.292768106  
-0.9330783699  
-0.3458731652  
1.004716645  
-0.2724419288  
-0.2977254528  
-0.2565332439  
0.03393865712  
0.3480600932  
-0.0191089406  
-0.1803180275  
0.4121982718  
0.9754886456  
0.6197405726  
-0.1319331851  
-0.3580448923  
-0.06760268698  
0.4746262189  
-0.2032235604  
