-0.08610544677  
0.233091118  
0.4421046986  
0.1549564411  
-0.1258490592  
-0.001687123391  
0.4577854966  
0.430799929  
0.247296867  
-0.01275127727  
-0.003179261093  
-0.2189858878  
-0.4507047103  
0.03890931302  
-0.3190933052  
0.3075092412  
0.2203270273  
0.3354478163  
-0.1293367328  
0.08826432382  
0.9134863496  
0.7379169478  
0.553411056  
-0.3978706117  
0.1427764376  
-0.1144478598  
0.3111340701  
0.6342511906  
-0.04328116205  
-0.3226963086  
-0.237130817  
-0.04962008172  
0.1536820778  
-0.2805125596  
-0.3125877432  
0.1850156027  
0.7352824814  
0.07484154668  
0.8081421371  
0.6535817726  
-0.0587335356  
-0.1764673837  
-0.3201284491  
0.3175125824  
0.3739893557  
0.599912824  
0.5450397646  
0.5106584124  
-0.3563239689  
0.09676302617  
-0.002033990465  
-0.4969149747  
-0.8381896986  
-0.2083499376  
-0.435166499  
-0.03373678558  
1.161289958  
-0.3429220324  
-0.7983093187  
0.3102081193  
1.562404091  
-0.2823796265  
-0.07834282457  
-0.4140941515  
0.8471232646  
-0.3364158096  
-1.126502225  
0.08879400128  
1.003286938  
-1.169745649  
-1.143125106  
-0.2268115937  
