-0.2857079473  
-0.04275694254  
1.002295748  
0.8781423994  
1.066590708  
0.7922700431  
0.3948432463  
-0.2664291339  
0.7561485436  
0.1431555943  
0.06683035607  
0.2918379278  
-0.1012109166  
-0.4508136081  
-0.4443342701  
0.4541921619  
0.2514429309  
-0.1536752713  
0.1235055312  
0.3963041491  
1.056799027  
1.297157871  
0.5249697805  
-0.2329346257  
0.2702423971  
-0.3142793428  
-0.2110158321  
0.5731484259  
0.5137101371  
0.1720889988  
0.5257896292  
0.9265576911  
0.06380414576  
-0.2229795583  
-0.007327629645  
0.2215496855  
0.473274609  
-0.2574195383  
-0.09004656902  
0.388893225  
0.9649608281  
0.359547637  
-0.0517507766  
-0.0667402162  
0.3163437802  
0.6284215262  
0.3548391779  
0.08871819493  
-0.5905522785  
-0.4517884153  
-0.2883852735  
0.5429479406  
0.8660033649  
0.9850569999  
0.4136273442  
0.7643033207  
0.009510921314  
-0.7765572669  
-0.1958538029  
0.188096419  
0.78197165  
-0.9029885834  
1.185994818  
1.731385519  
-0.6509942395  
0.3172542753  
-0.9249455802  
0.8136638643  
2.477642662  
0.6735693628  
-1.247379741  
-0.4345156705  
