-0.2485286466  
-0.5111387423  
-0.5813290932  
-0.3610985954  
-0.6457905181  
0.298484458  
1.219112281  
-0.05663607662  
-1.221306522  
-1.493531777  
-1.324874316  
-0.1816275123  
-0.03310510771  
0.3211723793  
0.4141689617  
0.3022792579  
0.3452532205  
0.3949493798  
-0.6043197832  
-0.4090825225  
-2.119733488  
-0.2900037522  
0.7145346431  
0.6284938115  
-0.8925387145  
-0.3788073846  
-0.502236249  
-1.548420664  
-0.9592249961  
-0.1867706829  
-0.171313847  
-0.05350257417  
0.3282109764  
0.1988400968  
0.0782481083  
-0.5115659282  
-0.5565423031  
-0.6453500119  
-0.5366845817  
-0.2496146003  
-0.1485632931  
0.1954822481  
-0.5039353214  
-0.5082923425  
0.2707561313  
-0.02223519981  
0.3832704423  
-0.4782487985  
-1.33384082  
-0.01120432427  
0.2858326168  
-0.7944010596  
-0.1804298211  
-0.1666793709  
0.6684901063  
-0.1244472779  
-0.6226677379  
-0.5466970443  
0.06369382672  
-0.6178385188  
-0.1289448089  
0.807980466  
-0.06441134175  
-0.9323884314  
-0.903437896  
-0.7332415549  
-0.2861133256  
0.1464953802  
0.4579126619  
1.065429775  
-0.07774114922  
-0.07364639743  
