0.7469592267  
0.08483167071  
0.577346212  
1.332424279  
1.230905644  
-0.1730404145  
0.8570664901  
0.8649724989  
0.630089148  
-0.08916659418  
-0.339162943  
0.3039826739  
0.5403695373  
1.423497307  
2.267775943  
0.4601058176  
-0.4858798562  
-0.08504764079  
0.4096321471  
1.392684953  
1.288620434  
0.1356208425  
-0.2965428155  
-1.054465606  
0.4020877198  
0.0685138126  
0.523573621  
0.3310459315  
-0.2505433048  
0.07430243257  
-0.2467698423  
-0.5237823905  
1.007141098  
0.261298867  
0.1438842415  
0.4764317176  
0.7962270199  
0.2924752047  
0.6810559364  
0.2856128645  
1.557964752  
1.043933493  
0.5448517399  
0.1096211608  
-0.1425702521  
-0.1791189225  
-0.7253440368  
-0.6549454347  
-0.3289315457  
-0.946189686  
0.1355124775  
0.9215012993  
0.9707237632  
0.7433490174  
-0.001710050298  
0.04908488828  
0.2183797122  
-0.8019449232  
-0.4197681668  
-0.6445993452  
-0.2462918864  
1.003881691  
0.7916917373  
0.6896456868  
1.604636112  
0.7541557676  
-0.5902796997  
-0.2868814661  
0.09972744768  
0.5866986717  
1.421461211  
-0.2179513093  
