-0.518789216  
0.01598419242  
0.5479813144  
0.122227305  
-0.336735596  
-0.4783700209  
0.8370431796  
1.617679723  
-0.8418125379  
-0.4003258748  
-0.4534456252  
-0.5988554712  
-0.2559840679  
0.9541344105  
0.9370197812  
0.5536073401  
-0.4433843234  
-0.6056846243  
-0.03075654721  
-0.4072177318  
-0.193972992  
-0.2442556282  
-0.2549424219  
-0.1588083126  
0.3237241122  
0.7127895469  
0.3160271569  
0.5363192022  
-0.1245738001  
-0.08291912114  
-0.5392749549  
-0.6762123729  
0.2151010028  
0.4879241494  
-0.0004875787387  
0.08864803426  
-0.09955473813  
-0.4228880645  
-0.2764662236  
-0.1491747856  
0.1940381525  
-0.4777635833  
-0.687912662  
0.5692204116  
0.9378342499  
0.1529553396  
0.1116450285  
0.4277727251  
-0.2315671274  
-0.4529144015  
-0.1924745031  
-0.6620397858  
-0.5207372891  
-0.3316290285  
0.04368227563  
0.3964901884  
-0.6745902579  
-0.1393162745  
0.4260472596  
0.8258474777  
0.7245923335  
0.2131272356  
-0.5056145263  
0.02609422225  
0.1063380665  
0.05003224235  
-0.3363953815  
-1.144665393  
-0.355358828  
-0.2770181918  
-0.2876109477  
0.07122593726  
