0.01994489329  
0.004425975641  
0.4463237563  
0.444023799  
0.06828650087  
-0.3916534231  
-0.3729665035  
-0.3127631806  
0.2082477085  
-0.2287940975  
0.001564683883  
0.4880543632  
0.3315933628  
0.09579749366  
-0.7030270288  
0.2513064372  
-0.3382176275  
0.03237426198  
-0.04442008859  
-0.06863134629  
0.03340587863  
-0.3253414411  
-0.08977512505  
-0.2355521717  
0.01402157525  
0.3757956644  
1.377036029  
0.9391787507  
0.6396068878  
-0.1597898606  
-0.2541698219  
-0.3048491164  
-0.3626898929  
-0.4227828689  
-0.3016094514  
-0.03814864068  
0.1490752631  
-0.08186363468  
-0.02773114769  
0.3067309327  
0.2059141554  
0.5148744855  
0.1945673361  
-0.1304097685  
0.1965028644  
0.5314666358  
1.492011751  
0.656895392  
-1.184894003  
-0.6558941226  
0.6537832179  
0.4873538949  
0.6840409938  
1.00867598  
0.6434803511  
0.2078876252  
-0.5598276873  
0.5942184384  
0.6686392054  
0.2205130136  
0.0290623021  
-0.3121634914  
1.694769867  
0.7425196096  
-0.4816148087  
-1.024310744  
-0.341150386  
1.540768669  
1.355436391  
-0.09196028643  
-0.6206030171  
-0.2048518756  
