0.6362578373  
0.4641075177  
0.2708951975  
-0.007062183936  
-0.07274252277  
-0.1413428563  
-0.4147202104  
-0.02064335045  
0.8238392228  
0.3854121601  
-0.04952576707  
0.4157234935  
0.1510539873  
0.3659158083  
0.3594932401  
0.372956411  
0.2662469321  
0.08241234853  
-0.4537252241  
-0.2932618102  
0.06205379689  
0.3160174579  
0.1073981841  
-0.2129135509  
0.1762821846  
-0.008977277651  
0.3642104945  
0.43774136  
0.1540508422  
0.02501412421  
-0.4953810873  
-0.3973033497  
0.8870483787  
0.0731719909  
-0.01014944441  
0.06059271824  
-0.03271766638  
0.1112527677  
0.4902574779  
-0.1781453018  
0.2776807898  
0.2890044427  
0.3269554702  
0.09271802504  
-0.07415715139  
0.05965149721  
-0.2105714538  
-0.09783657313  
0.657144525  
-0.2786837778  
-0.3677481321  
-0.3475383252  
-0.03353734899  
0.3466414714  
0.5313549943  
0.3060668801  
0.7741424493  
0.4653702921  
0.1684562687  
-0.4701467463  
-0.179199441  
0.1770596009  
-0.07358286675  
-0.3444651123  
0.2549737615  
0.2079586016  
-0.1850317818  
0.05900823496  
-0.1782325735  
0.1679769033  
0.6083056482  
0.5084202166  
