0.2666869136  
-0.3677816138  
0.110515725  
0.5042608725  
-0.1855317127  
-0.1143880294  
0.19859115  
-0.06419903633  
0.2993277943  
0.559571845  
0.9633561157  
0.4082723605  
-0.3327258822  
-0.4633694099  
0.1602080504  
0.4552532274  
0.6274316076  
0.8492415783  
0.6590191781  
0.2553355378  
-0.05644982097  
-0.2741134518  
0.04939365975  
-0.6862109256  
0.3569881516  
-0.9749529845  
-0.2620506571  
0.1018052722  
1.014198613  
0.5059086304  
0.03292818838  
0.3219514679  
0.495884086  
0.7354645906  
1.158930021  
0.3001631911  
0.3161390134  
-0.06990246749  
-0.06539243832  
0.2459838194  
0.6898153441  
-0.06030900953  
-0.7736009242  
-1.188482978  
-0.3013269765  
0.7761740967  
0.5376289683  
-0.3591422439  
-0.9246445169  
0.7688072849  
0.8022831859  
0.2254337578  
0.2003609036  
0.6405113649  
0.9699225868  
1.701713545  
0.766279459  
0.2848519652  
-0.662687313  
-1.811713909  
-0.9846043524  
0.7570500916  
1.29113691  
1.097619425  
-0.2491877148  
-0.8727566933  
-0.8001550052  
0.3980693723  
-0.2965019085  
1.3280296  
0.08932749966  
-0.4656489554  
