0.08846960603  
0.04956085045  
0.1713758464  
-0.178523454  
0.2093842703  
-0.03524131514  
-0.1895606828  
-0.3949849373  
0.2088935006  
0.01917265988  
-0.006333396149  
0.03724932057  
0.2716618698  
0.01099429871  
-0.07503911232  
-0.3091657695  
0.3205750666  
0.1872012836  
0.1451287462  
0.07089293021  
0.09499399907  
-0.0556739087  
-0.269465322  
-0.1673953698  
-0.04308251233  
-0.1563931161  
-0.03487430954  
0.2112388965  
0.3146837689  
0.08285302996  
-0.212956054  
-0.2516127953  
0.05821811819  
0.1356004141  
0.09942660794  
0.2165717815  
0.3128470793  
0.2695267536  
-0.3152206164  
-0.4187304043  
0.3357161337  
0.164777983  
-0.1452879138  
-0.1908990991  
-0.1570201506  
-0.102778362  
-0.3658493934  
-0.9142569207  
0.07359070078  
0.4603830965  
0.01938289238  
-0.3272033362  
0.5217327797  
0.9922293311  
0.6537913847  
-0.3472426074  
-0.5143941995  
-0.2279912409  
-0.09118162181  
0.02906711393  
0.4414468944  
-0.793397144  
-0.1426782322  
0.6814689553  
0.3696117676  
-0.8720820602  
-1.199513413  
0.554084663  
1.090224928  
0.3930516636  
-0.745087747  
-0.03117406867  
