0.08397347333  
0.7269570471  
-0.7182836313  
-0.257063897  
0.2948402183  
0.4346636146  
0.210466261  
0.4279698701  
-0.06679397253  
0.3475500124  
0.3359030689  
0.8280025172  
0.1185424767  
-0.4412651248  
-0.5102330035  
0.2690338006  
0.2797287481  
0.2127480862  
1.025601645  
1.098747313  
0.4151514499  
-0.04417887016  
0.6362081233  
1.134302286  
-1.073624038  
-0.4312772623  
-1.664145659  
-0.9803383357  
-0.1292523254  
0.1399937569  
0.4375203609  
0.7359685919  
0.3400309603  
0.3679746613  
-0.4079558096  
-1.146961085  
-0.3964543476  
-0.1629038175  
0.1257627331  
1.53995514  
1.130094493  
0.0448043917  
0.4664678299  
0.5816544524  
-0.5504158494  
-1.051954849  
-0.7519484293  
-0.6538114599  
0.4103025955  
0.9328772277  
0.5140517832  
-0.0672215137  
0.3918535435  
0.09561846493  
-0.01135019115  
-0.2268373539  
1.658163026  
0.7278199776  
0.4612884184  
0.3602119249  
-0.01319870666  
0.2756807026  
-0.5036814166  
0.1530007006  
-0.8712442041  
-0.5356436827  
0.9063389693  
1.429135486  
1.101435427  
-0.5988525019  
0.1395898763  
0.2144730315  
