0.6000703531  
0.3583248249  
0.282536338  
0.1950247001  
0.3010947926  
-0.0008226953643  
-0.1464867314  
0.3142307514  
0.4529109735  
0.4516013433  
0.06926464731  
0.199654605  
0.5224211455  
0.6569529674  
0.7399526691  
0.2397453552  
0.4007390548  
0.6576596379  
0.1551245157  
0.9163665787  
0.2824138651  
-0.4255923329  
-0.2665480285  
-0.410887096  
0.1700871433  
0.6679236853  
0.4027760822  
0.4286166606  
-0.0300426168  
-0.1107367807  
0.238680663  
0.371524525  
0.7381536177  
0.2000266681  
-0.3479807597  
0.3275788085  
0.7638567937  
0.2842945305  
0.4106216046  
0.7486039315  
0.3385180104  
0.8215903113  
0.4158415211  
0.553121307  
-0.1961992615  
-0.9123446205  
-0.2592968482  
-0.1621994768  
-0.2703918959  
-0.1737439179  
-0.01164027095  
-0.1156493487  
0.259666068  
0.2070548349  
1.232288571  
1.119390541  
-0.03787879033  
0.03122062118  
0.4277292559  
0.3287682807  
0.3873896798  
0.1516359831  
-0.3201345392  
-0.05074917819  
0.1948277538  
0.2202786047  
0.5760218648  
0.4416666028  
-0.812293839  
-0.1362606058  
0.5886885149  
0.3332976112  
