-0.5072723851  
-0.6296038944  
-0.01624133381  
0.2953086731  
0.2017653819  
0.1938032687  
0.473989525  
0.1303206425  
0.4614958627  
0.3637865329  
0.6066721616  
0.4312959247  
0.1117651165  
0.1893502032  
0.2617378314  
0.1865655242  
1.037954947  
0.5759156932  
0.6054588471  
-0.53099348  
-0.2291537309  
0.2995489555  
0.8464126381  
0.1447054233  
-0.2082410443  
-0.6221767567  
-0.5290280857  
-0.1609100893  
-0.4209311703  
0.01463482133  
-0.1132502567  
0.5035645786  
0.7372733815  
0.6028022728  
0.6099465422  
-0.07437784006  
-0.02400195319  
0.3164601056  
-0.04565014034  
0.02933171442  
0.3970728401  
0.2974291458  
0.5594356972  
0.3854990417  
0.6442325998  
0.11710799  
-0.5122755247  
-0.336200348  
0.3552692159  
0.3060838457  
0.4383370678  
0.6212986928  
-0.1946513976  
0.425927778  
0.6629514681  
0.2464590359  
-0.01723227662  
-0.2369629234  
-0.1370509146  
-0.1601912885  
0.307721089  
0.8068889633  
0.7491879725  
0.5607259335  
0.2753564815  
-0.4870978605  
0.1305259023  
0.7158803555  
0.5905320716  
0.4124796818  
0.1076326943  
-0.3932929086  
