1.074385114  
0.2802387922  
-0.1938709197  
-0.08339939639  
0.2052869197  
0.7073783733  
0.7694953059  
0.6865723878  
0.8742680228  
1.337982595  
0.681140191  
0.02389073999  
-0.2716880686  
0.1703229649  
0.5801168329  
-0.07400705822  
0.5702531432  
0.525737139  
1.255212015  
1.58776401  
0.1325641489  
-0.7836459548  
-1.78635932  
-0.8911800549  
0.7447324827  
-0.01075651379  
0.403667508  
0.1732035414  
0.4570602837  
0.1672508709  
0.2491151565  
0.1027254701  
0.9380051376  
0.9945321918  
0.3670235092  
0.4799690627  
0.1978631416  
0.09165723818  
0.001490198517  
0.05413420263  
1.099287384  
0.1467926949  
-1.038839288  
-0.1166818642  
0.5041405759  
0.230792597  
0.5945269352  
0.7781823305  
1.125536744  
0.5695631332  
-0.5790228463  
-0.296628007  
-0.7437768663  
-0.3761619274  
0.9648045827  
0.05504669857  
0.3666498994  
0.03509013139  
0.6354851362  
0.05888579604  
-0.01165454139  
0.3907434363  
-0.1554144931  
-0.2765512066  
1.031940298  
0.9673722755  
0.7593214769  
0.8760845463  
0.2459977159  
0.5918148906  
0.2852789589  
-0.564934765  
