-0.1185268212  
-0.5350862553  
0.1456080157  
0.3644577012  
0.3271832492  
-0.234879321  
-0.9206943779  
0.1905443972  
-0.4174220727  
0.2357129809  
-0.3962777661  
-0.2202659969  
-0.5158900848  
0.6224291325  
-0.03201782676  
-0.08227774251  
-0.1772124034  
0.5280427254  
0.5892615377  
1.050524301  
-0.3281705427  
-0.3100102042  
-0.294634059  
-0.9099568389  
0.6585526325  
0.09093201562  
0.0397061004  
0.1384079535  
-0.04058355049  
0.4183606851  
0.639037573  
0.375371924  
0.0687734616  
0.2315791587  
0.320929214  
0.4291754161  
0.1230080875  
-0.3752918779  
-0.2723964682  
-0.5182003728  
0.01432463311  
-1.072668463  
-0.6439937059  
-0.3679366629  
-0.2120342996  
0.06786478977  
0.6084838768  
0.9605143847  
1.0048504  
0.8247625578  
0.8066101823  
0.5475256212  
-0.2877163546  
-1.617560589  
-0.7190400142  
-0.02759486599  
-0.3100596487  
0.05336778611  
0.6794428227  
0.3024728133  
0.3009000479  
0.01078688628  
-0.2919150477  
-0.0528609937  
0.07788253968  
-0.1134973279  
0.1962386839  
1.10434974  
1.370775671  
-0.5246989625  
-0.4893985806  
-0.2283675562  
