0.5596904061  
-0.297389178  
-0.1781716255  
0.03891290371  
-0.2151896621  
0.1235593293  
0.03998767271  
-0.1200053393  
-0.04812657078  
-0.1076780792  
-0.299467101  
0.09284854994  
0.02397318793  
0.07332597609  
0.4748948722  
0.2569577939  
-0.3680112295  
-0.1042416988  
0.3486479714  
-0.4308456563  
-0.07021870655  
0.3626420137  
0.2646058588  
0.2766675028  
-0.36345303  
-0.2293683808  
-0.5185607856  
-0.1857210401  
0.03576583165  
0.4660253867  
1.127069806  
0.2947421931  
-0.1787174142  
-0.7239679759  
-0.1401048233  
-0.2076339463  
-0.3792417858  
0.302923839  
-0.04398696585  
-0.1618268951  
-0.5425975057  
-0.04988130741  
0.8942824426  
0.7673665783  
0.6474912963  
0.4968976174  
0.1125319075  
-0.3517575106  
0.03016676959  
0.2030773485  
0.5251268068  
0.08076250333  
-0.4153013275  
-0.1433789131  
0.1421266226  
-0.4244636168  
0.8238844942  
0.9908927996  
0.8400205332  
-0.1885638404  
-0.3909393097  
-0.2133350921  
-0.1570441804  
-0.3814074763  
-0.06436964259  
-0.1583562228  
-0.1082620672  
-0.3441451536  
0.2357230424  
0.07528513643  
0.3527505156  
0.3885611435  
