-0.3574017459  
-0.9050602776  
-0.6063231663  
-0.1349348794  
0.8721887167  
0.6083630354  
0.4518979003  
0.3761696119  
1.275318825  
1.154881078  
0.4135491358  
-0.5588001127  
0.7629022437  
1.322485046  
0.1475690933  
0.04667503308  
-0.1439422489  
0.01661256424  
0.4678009512  
-0.7780669209  
-0.386465065  
-0.420317153  
0.03317481598  
-0.1200822907  
-0.5655432045  
-0.9305924534  
-0.5960164956  
-0.06440523737  
0.8167828592  
0.1724191132  
0.01372804061  
1.10718722  
0.5352124862  
-0.3374246786  
-1.978104  
-1.591702446  
-1.047601052  
0.03851141898  
0.09408201669  
0.197837324  
-0.5890855897  
-0.08544747237  
0.2777169328  
0.6290382357  
0.7329440225  
0.03741488841  
-0.8664452832  
-0.6248512217  
-1.122746526  
-1.004113089  
-0.4487098185  
-0.4169295341  
0.8130271972  
1.313951042  
0.7662604498  
0.1582834633  
0.1474669543  
-0.2920320714  
-0.03454676761  
-0.5053169451  
-0.8634538143  
-0.1608734318  
0.4489188169  
0.5496903252  
0.01711737222  
-0.1561450796  
0.2373765145  
0.008611582661  
-0.3699400166  
0.3412255566  
0.4627535961  
-0.5917500877  
