-0.06231822803  
0.4096897639  
0.3249147656  
-0.1872450441  
-0.5026790958  
-0.1195083125  
-0.2389509334  
0.03260618438  
0.5770301447  
-0.671737395  
-0.4797647311  
-0.2010660953  
0.1146486518  
0.2465863154  
-0.02253110547  
0.06800855105  
0.5565338578  
0.5713407732  
0.7206042551  
0.6209038252  
0.3367824384  
0.1108402577  
-0.2678885422  
-0.7320702292  
0.4702631578  
-0.5741469056  
-0.2196355567  
-0.2732002336  
-0.2913373629  
-0.03295835228  
-0.0184822226  
-0.4783475018  
0.4547424254  
0.002385137428  
0.4635772609  
0.2327900447  
-0.3177251154  
-0.1180807331  
0.5948517907  
-0.06185849452  
1.17407791  
0.3631118815  
-0.06455790401  
0.08155579157  
-0.1042165002  
-0.03023041202  
-0.2485740094  
-0.4270143567  
-0.4376168664  
-0.6115430413  
-0.139545504  
0.7606073324  
0.3998937648  
0.07412281078  
0.2443723064  
0.04215870187  
0.5021978546  
0.339651298  
0.5074595095  
0.05102612707  
-0.2560247781  
0.2756658542  
1.064849474  
0.2658445434  
0.5520718642  
0.2854897982  
0.4554928873  
0.1105331014  
0.2446401202  
0.3246400148  
0.1627603891  
-0.01589814661  
