0.4011074934  
0.01263204315  
-0.0120118952  
-0.1800343544  
-0.4129896731  
0.1387754287  
0.2386467441  
0.2864750734  
-0.4561188015  
-0.1673950352  
-0.277489632  
-0.3982753405  
-0.4287659363  
0.1177798003  
0.2512252641  
-0.03594489102  
-0.262002309  
0.09829187967  
0.6542595887  
0.9518615722  
-0.6077811504  
-1.214563352  
-0.766583449  
-0.3379911646  
-0.08410134676  
-0.3994323452  
0.3633970643  
1.273543307  
0.6871056459  
0.007088551077  
-0.2313275182  
-0.367659502  
0.0101584313  
0.02369733738  
0.563351835  
0.3647680017  
-0.298343242  
-1.050122277  
-0.661249165  
-0.7876785336  
0.01717495953  
-0.3543740895  
0.11022352  
-0.2904790297  
0.09656436467  
0.8843359167  
1.025928061  
0.6803516671  
0.3545319721  
-0.1237610059  
0.3257821467  
0.2887614694  
0.4781227401  
-0.5890180978  
-1.166629882  
-0.776125797  
-0.7830766606  
0.002250090045  
0.4310593119  
0.2538028057  
0.1339975836  
-0.1968644716  
-0.4098721239  
-0.1417090635  
-0.03507251096  
-0.4966226687  
0.04405097379  
0.7156886086  
0.547462878  
-0.3737145877  
-0.7891799923  
-0.1208966469  
