-0.3170365806  
-0.4406679785  
-0.7235393391  
-0.2645898133  
0.5520884868  
1.035207058  
0.3898220733  
0.170609827  
0.9144222031  
0.3351635356  
-0.0392839024  
0.2182787387  
0.4597069494  
-0.4453068856  
-0.5361250899  
-0.2718186363  
-0.7626305703  
0.1872377916  
0.7534773054  
0.3090695415  
0.06703904751  
-0.1298407348  
-0.08682003193  
0.2758294551  
-0.8774506648  
-0.2313212936  
-0.06490137683  
0.3228628326  
0.6861402965  
-0.4735510602  
-0.2271738252  
1.013514132  
0.061655142  
-0.5965686358  
-1.661979088  
-0.9097010432  
-0.01766395706  
0.4154372903  
0.2254207492  
0.2787994289  
-0.4154431565  
0.05820554242  
-0.07934739049  
0.1032123999  
-0.0735192194  
0.1343175384  
0.6427220842  
0.6683468427  
-0.5127903195  
-0.6522010145  
-0.2094741485  
-0.3362491654  
-0.4142750074  
0.2820025984  
0.4848244302  
0.0661086671  
0.2316344034  
-0.03805947451  
-0.2147613881  
-0.1058891793  
-0.1010403023  
0.2857664543  
0.2619474347  
0.5878606721  
-0.08953510672  
-0.3520379271  
-0.4549544408  
-0.06634879392  
-0.1143480632  
0.113037008  
0.003941906567  
-0.2654586419  
