-0.1897750393  
0.6156430944  
0.5561844632  
-0.1916485313  
0.2733537128  
-0.03669039807  
-0.3225996476  
-0.4106434942  
0.6754449912  
0.1666987739  
0.1027125522  
0.0871322604  
0.0140958695  
-0.2261655119  
-0.7093239877  
-0.6672849258  
0.09742186047  
-0.3467816801  
0.1422208341  
0.6140671459  
0.532027143  
0.1253558536  
0.5376004784  
-0.2965245783  
0.1489540694  
0.1004204922  
0.01342455861  
0.6551767531  
0.1576832695  
-0.3157054357  
0.1401333394  
0.2712697963  
0.0930839177  
-0.01026323247  
0.01514509526  
0.03328827318  
-0.4370834271  
-0.3666533147  
-0.5397370603  
-0.1199580369  
0.05787908516  
0.1760198658  
0.3769938192  
-0.2822545643  
-0.02494845809  
0.6172624688  
0.5723557374  
0.07384244055  
0.5709974414  
0.5799313715  
-0.1983371753  
-0.006189848737  
0.1489450908  
0.2816163214  
0.2218691627  
-0.4249378233  
-0.403402063  
-0.08325365783  
0.5836839973  
0.6205516991  
-0.03736680246  
-0.3420662838  
0.2621040953  
-0.08648595102  
0.1163672177  
0.4696899399  
0.4120114662  
-0.243719671  
-0.4729620859  
-0.3440040477  
0.6453919765  
-0.05729946065  
