-0.07355229625  
0.366981217  
0.2016650364  
0.07713907634  
-0.03968634412  
0.04981113696  
0.1503292801  
-0.3523881479  
0.1291892287  
0.3633070919  
-0.0286275717  
0.0779502297  
-0.3192265612  
-0.1899963795  
-0.2512746677  
-0.08464974567  
0.03294685998  
-0.1974846911  
-0.1101166618  
0.1492267056  
0.7281480182  
0.2148526711  
0.01200078114  
-0.5552179505  
0.03433336474  
0.05079557977  
0.001547818905  
0.2193699759  
0.1642893879  
-0.4196472345  
-0.1821684808  
-0.3097704294  
-0.5843229119  
-0.08865967937  
0.5258415978  
0.3494681929  
0.3212416343  
0.05892877994  
-0.26718475  
0.425074977  
0.02362099486  
-0.3058531679  
-0.4074640355  
-0.4962397225  
-0.2193949885  
-0.3711617079  
0.04610875947  
0.3305014019  
-0.2495819414  
0.5577030879  
0.3286800192  
-0.001480175133  
-0.5053348768  
-0.02055333584  
-0.08616928756  
0.4795324509  
-0.2223562877  
-0.01283383967  
-0.08374311961  
-0.09172480313  
0.1046146784  
-0.2602691024  
-0.001269008082  
0.499444856  
-0.3188457479  
0.01841226142  
0.04199858922  
0.03443174476  
0.3435659293  
0.5727479387  
-0.3910184336  
-0.7968664009  
