-0.4492211495  
0.1319572663  
0.2819236724  
0.101395563  
0.1716213106  
0.155932045  
0.4174470404  
0.1700425399  
0.7648164491  
0.546466749  
0.3972839301  
0.2504401692  
0.2666841169  
0.3488750708  
0.1242864417  
-0.1873405303  
0.4570275075  
0.1573410522  
-0.2087053155  
-0.01501153598  
0.09020033258  
0.4939027607  
0.6406509336  
0.03348168636  
-0.1750442148  
0.2468522347  
0.3167243677  
0.7123679745  
0.883293495  
0.1208706421  
-0.1542346439  
0.2069844537  
0.3569339212  
0.04037776074  
-0.09837869586  
0.08929906131  
0.186518172  
0.1406616739  
-0.0958400672  
-0.008065824023  
0.5902452543  
0.6306530254  
0.5138795341  
-0.003032098  
-0.270865145  
0.1326301582  
0.2665985487  
0.3040257281  
-0.02282350619  
0.6642565397  
0.5673910656  
0.5855938471  
0.04253447942  
-0.04657728315  
0.1806208066  
0.1491560239  
0.2445337798  
-0.08584433458  
0.2609622384  
0.608148593  
0.1648008118  
-0.02931918818  
0.06174711591  
0.1820264757  
0.3465607327  
0.6927220883  
0.9605202697  
0.5797102573  
0.3366284067  
0.4216017508  
-0.1715005179  
-0.3850248771  
