-0.4758216712  
0.219458796  
-0.07611673606  
-0.3878867688  
-0.01252437592  
0.4646479062  
0.5409342945  
0.31601266  
-0.02047876865  
-0.1933606189  
0.1410718443  
0.3669452875  
0.3876964717  
0.5569504815  
-0.1728814743  
-0.2443726218  
0.4221793197  
-0.08721290415  
-0.4890308528  
-0.4374402389  
-0.3929328933  
-0.3120923164  
0.09680790236  
0.1577212188  
-0.2121272335  
-0.4270355746  
0.1445214917  
0.4249915589  
0.5543220022  
0.2116821074  
-0.4341193497  
-0.3296745017  
0.2949587378  
0.4328850473  
0.08628164703  
0.07336524535  
0.05571558358  
0.1353094172  
0.2581681575  
0.09027018435  
-0.1981253136  
-0.05104635204  
-0.01313455236  
-0.3292049911  
0.3211297183  
0.1633930558  
-0.3542381941  
-0.2794771931  
-0.1468387965  
0.1672604622  
0.238980378  
0.2206625955  
0.1858777366  
0.09124580039  
0.02412097877  
0.2388762724  
0.3375216502  
0.3016752197  
-0.01827974879  
0.1264575431  
0.1077601143  
-0.170044375  
-0.05021245055  
0.2161144876  
-0.08156033494  
-0.2760603808  
0.05130892903  
0.8038569021  
0.3822587155  
0.009543087547  
-0.237702637  
0.09397845867  
