-0.4825857069  
-0.2842709375  
-0.1957148761  
-0.2404294437  
0.09242034056  
-0.4202136622  
-0.07174768848  
0.2143093691  
0.04394083627  
0.2813343512  
-0.1054551088  
-0.4643034625  
0.006513337948  
-0.2147860127  
-0.5325450362  
-0.7021360064  
0.05545986522  
0.04037343201  
0.05823408097  
0.04797970955  
0.1535552881  
0.4518594326  
0.6257028086  
0.2244984813  
-0.3773479036  
-0.1350352631  
-0.6455167479  
0.02250795574  
0.1859434645  
-0.5002217105  
-0.9044560868  
-0.445630608  
-0.00795151058  
-0.1558959541  
0.3461932558  
0.2366427677  
0.2239568561  
0.583474898  
0.2766581766  
0.3430578801  
-0.4555690494  
-0.5129776001  
-0.4124688785  
-0.3409548982  
-0.3134790165  
0.113434172  
0.1408327787  
-0.4428565347  
-0.2508722868  
-0.1069227505  
-0.1184857448  
-0.07124755963  
-0.8747105982  
-0.4133520605  
0.02140856377  
0.4176017459  
-0.1610458446  
0.2377166473  
0.2810086638  
-0.2504976706  
-0.4809975345  
-0.2837811161  
-0.2139115796  
-0.4671576596  
-0.1734415481  
-0.1457683209  
0.01208858819  
-0.1276201818  
0.2788138652  
0.5007587736  
-0.6122447893  
-0.6385232791  
