-0.04807365073  
0.1571989577  
-0.1316219961  
0.2030522512  
0.6917494887  
0.05496964898  
-0.1185706081  
-0.499699726  
-0.03985745803  
0.3517047384  
0.4087486358  
0.6829683655  
0.1651148111  
0.02502127477  
0.0255869179  
0.427195373  
-0.1769510157  
-0.3675710596  
-0.5136414433  
-0.4746465544  
0.1640983055  
0.4919543358  
0.4314931401  
0.3584909965  
-0.6748252197  
-0.6690511104  
0.1222196364  
0.3614321233  
-0.365509633  
-0.3659857568  
-0.2098841637  
-0.006009368324  
-0.1076968294  
0.3695126513  
0.1565135423  
0.5069643122  
0.5068201322  
0.3374962448  
-0.02092559264  
0.5012913003  
0.06400207999  
0.2208318138  
-0.1579788159  
-0.6312705129  
0.5240661745  
-0.1823338368  
-0.2373515522  
0.03664034745  
-0.2309020262  
0.516122388  
0.7063257433  
0.4735912374  
0.5469098499  
0.6542814813  
0.4924575264  
0.5591252954  
0.3745937943  
-0.07843188733  
-0.3133399151  
-0.07905287212  
-0.06337202512  
-0.6305535987  
-0.3761362306  
0.208821338  
0.06598455233  
-0.3695538572  
-0.2448187479  
0.1027500126  
0.3863445752  
0.4368363221  
0.1714209072  
0.3336266661  
