0.168579089  
-0.2488947789  
0.3878776013  
0.1335207052  
-0.7195679122  
0.1344638671  
0.2202060875  
-0.09209659656  
0.5936263368  
-0.5309552805  
-1.027364114  
0.1447860396  
-0.2117598966  
-0.4517006631  
-0.2483343325  
0.009108159618  
0.0007472249532  
-0.6708573589  
-0.9089160107  
-0.300307827  
0.5627012686  
0.1094270416  
0.7000327888  
-0.7906306378  
0.3961817422  
-0.1059390638  
-0.0147205254  
0.9597765541  
-0.1770255213  
0.4072577726  
0.2727873294  
0.6259155756  
-0.5078838628  
-0.5712751268  
-0.990759081  
-0.7715128676  
-0.2843642497  
-0.3338701098  
-0.1160637113  
-0.1473217803  
-0.1820605179  
0.055978567  
0.261981461  
0.4562232459  
0.1910907016  
-0.200578039  
-0.1806719962  
0.1442368493  
1.192912942  
1.469228142  
0.03731024677  
-0.5605048886  
-0.1482542908  
-0.05125444108  
-0.07583256615  
-0.8632636047  
0.0777688397  
0.5286319689  
1.030732732  
0.6086830936  
0.212292911  
-0.8672179142  
-0.5927089341  
-0.2489109447  
0.3025378514  
-0.1959182902  
-0.2485775359  
0.6508040397  
0.3174629588  
-0.439562445  
0.1602573661  
0.001504432312  
