-0.02194597219  
-0.04167097013  
0.2157707836  
0.2747462122  
0.4652935329  
-0.037253989  
-0.2132489194  
-0.2818386496  
-0.2208803869  
-0.3167297311  
0.04732051884  
1.06386194  
1.165676481  
0.4352719608  
0.4640749603  
-0.02888366031  
-0.208783098  
-0.4914974766  
0.0839064085  
0.274717169  
1.194331359  
0.7448132068  
0.3261275606  
-0.3995920523  
-0.6106991175  
0.1751299224  
0.3637692411  
0.1886495656  
0.4363845309  
0.5268599277  
0.1659758397  
0.6453891377  
-0.5593679502  
0.2767820939  
-0.6067502599  
-0.1790946153  
-0.5443353235  
-0.2207785974  
-0.03220296092  
0.679797264  
0.4908806823  
0.2490824896  
0.03388536408  
1.014543  
-0.263871807  
-0.5488753436  
-0.02005816506  
0.3401599828  
-0.1991381126  
0.5033192391  
0.6676064424  
0.2019615695  
-0.615426771  
0.07013074838  
0.2644782041  
-0.2442449054  
0.1697822563  
0.440293557  
0.2135841066  
0.2247380391  
0.506269166  
0.4625721452  
-0.3110856415  
-0.1155273988  
0.6292808824  
-0.6924330475  
0.2914781367  
0.6241961732  
0.4829031511  
-0.3509225138  
-0.8653873456  
-1.291792487  
