0.1318724659  
-0.1226055396  
-0.6389444018  
-0.1796714112  
0.1955644083  
0.171453062  
-0.04196049481  
0.1538681793  
0.07308245656  
-0.03360341933  
0.1101210783  
0.3569762182  
-0.1625427801  
-0.359087766  
-0.472960437  
-0.2994544706  
-0.5138651492  
-0.3079672694  
-0.2682095984  
0.2812963864  
0.3712203471  
0.2558363366  
-0.03724958875  
-0.0738559987  
-0.5092137462  
-0.3552001068  
-0.4687548056  
-0.2507347798  
-0.3372473042  
-0.3449662479  
-0.256771213  
0.01888774732  
0.3364644815  
0.2396134081  
-0.08926956748  
0.09232508985  
0.3558184854  
0.6965911357  
0.01514106653  
-0.2461593159  
-0.49637739  
-0.02302139817  
0.4481471683  
0.03004104997  
0.213409785  
-0.4482300612  
-0.6494439237  
0.02716507322  
0.07284585274  
-0.152763112  
0.1236111732  
-0.03248837198  
0.07339551104  
0.05975696373  
-0.0720450186  
0.2592137475  
0.07240161388  
-0.0154980946  
-0.3632380617  
-0.3373568172  
-0.2871912055  
-0.006698681458  
0.1364678603  
0.2525749013  
-0.1550138859  
-0.4354667587  
-0.2478504983  
0.1654241755  
0.2988274219  
0.1375755644  
-0.07014585345  
0.04093152378  
