0.3729205831  
0.3776482844  
-0.3421627365  
-0.6355187501  
-0.002894011375  
0.06489302689  
-0.1501113008  
-0.2642638148  
-0.3317626749  
-0.03767580701  
0.4018787706  
0.7076509346  
-0.5674456312  
-0.3999956262  
-0.4462365653  
-0.3140066039  
0.01968073316  
-0.3144483962  
-0.2340719327  
0.3374246759  
0.2352487288  
0.3353953484  
-0.07797090494  
0.05635466829  
-0.06311019941  
-0.5822309319  
-0.765278109  
-0.07793677716  
-0.2702949259  
-0.3275003915  
-0.7140503675  
-0.9199716117  
0.2603188151  
0.5214741746  
0.2783303222  
0.1740951338  
0.3321327723  
0.6134505688  
0.3655625241  
-0.5840138064  
-0.3188182045  
0.08884231609  
0.4210535484  
0.8301766821  
0.2368570401  
-1.225581284  
-1.212868955  
-0.6162886135  
0.3858201172  
0.3716206478  
0.432361434  
-0.02396979418  
0.2306578238  
0.512919842  
0.5157867976  
0.3139999662  
0.2775382795  
-0.08012357246  
0.006921481243  
0.1609203459  
-0.300327023  
-0.5228670667  
-0.4251490451  
-0.3632332667  
0.1914488752  
0.09249111736  
-0.2449946574  
0.03493038918  
0.4855932517  
0.2166955671  
0.0363352733  
0.03380337612  
