0.3131722423  
0.5071687883  
0.359292181  
-0.0507014251  
-0.2629624599  
-0.012685814  
-0.3112891352  
-0.4268961154  
-0.2098142971  
-0.08715819308  
-0.2367135858  
0.3195590429  
0.268252048  
-0.001991242277  
-0.2645038924  
-0.5783855436  
1.089733607  
1.00422362  
-0.1857438362  
-1.744108496  
-0.007694245433  
-0.05725358548  
0.6548676565  
0.601164529  
0.6012545775  
0.05408328197  
-0.5564714152  
-0.6495781267  
-0.3840919462  
-0.02341650512  
-0.1250277568  
-0.2045013644  
0.8179473301  
0.7234219317  
0.09018706628  
0.08966851277  
0.126009431  
0.06087477126  
0.02132330391  
-0.3424861523  
0.2875397947  
0.4660283954  
0.5111567399  
0.6111843299  
0.5289305766  
-0.3363532529  
-0.4283627831  
0.1769203773  
0.03199984254  
0.06137185714  
-0.2895414216  
-0.3088483729  
-0.2353841241  
-0.2673333933  
0.1344882615  
0.04639025279  
0.1997439451  
0.3548709727  
0.1804126728  
-0.1627399203  
-0.5908115433  
0.1022583144  
0.1651629223  
0.08912232134  
-0.02004586705  
0.1491435185  
-0.03698204831  
-0.1170681921  
-0.08303719179  
-0.01363160313  
0.8081438661  
0.7213426534  
