0.7361573798  
0.4755294082  
-0.2046733202  
-0.5564698463  
-0.4493502539  
-0.5219200887  
-0.2230939727  
0.4201155184  
-0.5537668138  
0.524925391  
0.07350011739  
1.036475209  
1.350359676  
0.3080328294  
-0.2381228224  
-0.7144904743  
0.9281468352  
0.07046418912  
-0.4506108473  
-0.4868275835  
1.292794114  
-0.2605188492  
-0.2672412383  
-0.2389929428  
-0.6938060017  
-0.2551058097  
0.1558750731  
0.3345659248  
-0.2865680301  
0.1822913944  
0.2258250447  
-0.5074693987  
0.06563077578  
0.2013312148  
0.1528552532  
0.251896277  
-0.2075853554  
0.2840198653  
0.3820295014  
0.1641323668  
-0.0560998757  
0.7323541277  
0.6776207549  
0.04697463019  
-0.517932283  
0.02974502262  
-0.41702264  
-0.3145592538  
0.8841641036  
0.0376663308  
-0.6637294806  
-0.8051065335  
-0.9735625829  
-1.057619244  
-0.4938849268  
-0.06724903218  
-0.1752746007  
0.01974985859  
0.03453120962  
0.297433362  
0.2175474347  
-0.2150619405  
-0.3455584135  
-0.3021618554  
0.3323229885  
-0.3192908147  
-0.1088528786  
-0.3993148138  
-0.2602708724  
-0.06559562879  
0.2352410845  
0.05583514705  
