0.9579955418  
0.6695215775  
0.6557987937  
0.2084245898  
0.1605009073  
0.4116733678  
0.2224089619  
-0.4332181475  
0.2877153879  
0.831091742  
1.004023027  
0.6661451498  
0.5017247192  
0.7780806518  
0.2439798915  
0.1897908602  
0.1650267606  
0.4620271777  
0.9886729568  
0.3321785069  
-0.121633875  
-0.01515685831  
-0.1848733546  
0.01893814002  
0.6024961354  
0.6389974078  
0.6796841193  
0.6453304525  
0.836674479  
1.254933301  
0.3105403997  
-0.2275945767  
0.7087372169  
0.5002223258  
0.03244365285  
-0.09470276238  
-0.109970911  
-0.3918947694  
-0.4750030899  
0.1565919968  
-0.04821866327  
-0.554678771  
0.1208304705  
0.9552211382  
0.8328465666  
0.5489019243  
-0.213292142  
-0.01837936169  
1.027068242  
1.100925525  
0.6605327804  
0.4426390184  
0.7966858486  
0.4917205529  
-0.5053956306  
-0.469362198  
0.1552895034  
0.2645657907  
0.3954280267  
0.1589114436  
0.1347111668  
0.4110116761  
0.3913915222  
0.4242305964  
0.812073373  
0.195092927  
0.3748021366  
0.3202915982  
0.09290328643  
0.5072834413  
1.0106932  
0.8822429006  
