-0.0920580576  
-0.0635577454  
0.1488856479  
0.5097389517  
0.366675742  
0.4933380552  
0.373534239  
0.1627405451  
0.4920675147  
0.9032107847  
0.816624672  
0.4848642904  
0.3521750573  
0.02746321545  
0.09325489997  
-0.02352948644  
-0.02816527111  
0.0553424526  
0.05881896929  
0.1290515111  
0.1779695802  
0.006298426637  
0.1549695545  
0.573865067  
0.6042902338  
0.2492726914  
0.05996332239  
0.04507630858  
0.7112233235  
1.33939171  
0.3120153956  
-0.338078546  
0.3843721811  
-0.1075540757  
0.0653178099  
0.1604139617  
-0.09500142986  
0.1184984061  
0.4767335567  
0.1493936022  
0.01137520696  
-0.5119514477  
-0.5802384334  
0.4535405752  
0.6244290984  
0.2908868941  
0.1561600379  
0.3020549019  
0.2528032639  
0.7806891212  
1.366488038  
0.9718484886  
0.4128139232  
0.02790162283  
-0.3976796089  
0.05337779164  
0.4304853836  
0.09579561896  
-0.3044025162  
-0.4416148863  
0.02343374148  
0.4438117401  
0.4878484793  
0.1799106995  
-0.1580650603  
0.3166264708  
0.4186388101  
-0.2922435244  
-0.1028723566  
0.4016514161  
0.5715212455  
0.3990633733  
