0.108945458  
-0.06055378718  
-0.3425370125  
-0.09395027945  
0.7960081094  
0.6409263705  
0.002298724691  
-0.148338216  
0.314694824  
0.01283542577  
-0.2642515066  
-0.1353151487  
-0.1909560871  
-0.1961419594  
-0.5677852014  
-0.3346213838  
-0.06424874303  
-0.1140243473  
-0.4217867702  
0.1776906244  
-0.4769121812  
-0.6980099341  
-0.4293723934  
0.4891313612  
1.218857186  
0.1786658874  
-0.4154764622  
-0.2032900484  
0.1013925289  
0.8102389511  
-0.1273744285  
-0.5097106832  
-0.1140848614  
0.2568711474  
0.08790595496  
0.2269410563  
-0.4004910268  
-0.4853659253  
0.0533210642  
0.09787749068  
0.2528696488  
-0.8079875453  
-0.5111458456  
-0.2711955272  
-0.4390476683  
-0.2599144828  
0.6202868772  
0.9533614155  
0.1132281658  
0.4331294292  
0.5073851245  
0.03563286874  
-0.5859974814  
-0.04526504874  
0.2657214  
0.505572348  
-0.4529249687  
0.05661651139  
0.06806887794  
0.1004918908  
-0.07772353448  
-0.4018776879  
0.1550010772  
0.2613306496  
-0.5454343302  
0.2382150907  
0.3227963183  
-0.1211571109  
-0.9748080724  
-0.1235189351  
0.08823917924  
1.121494797  
