-0.1674192155  
-0.0901206073  
-0.2330254701  
-0.08782275231  
-0.5207629631  
-0.2555243779  
0.1550158364  
0.403205861  
-0.2312320043  
0.3130375578  
-0.45724697  
-0.1389049325  
0.1278021818  
-0.1129843406  
0.03284687073  
-0.02122236514  
1.024069248  
0.1522892596  
-1.087313623  
-2.593596244  
-0.2156627649  
-0.3122229647  
0.2507328736  
0.538393888  
0.2907834648  
0.413632709  
0.5557898079  
-0.05138021129  
-0.3812733465  
-0.537246152  
-0.5026277689  
-0.1477864222  
0.4506239266  
0.1684639449  
0.1917706661  
-0.17822867  
-0.3121411214  
0.0294749525  
-0.2467951102  
-0.6002324087  
0.3096148645  
0.4742254987  
0.1514206372  
-0.4186798276  
0.393418705  
0.8698140516  
0.2530831615  
-0.488770699  
0.1937511541  
0.407684134  
-0.2665946978  
-0.09130413909  
-0.4038668643  
-0.2001600807  
-0.2096399671  
-0.7388652414  
-0.07214239406  
-0.1729596608  
0.0851950371  
0.06278590799  
-0.1521616755  
0.1472164212  
0.4219924243  
-0.1540662797  
-0.0232533838  
0.09371854796  
0.001068061512  
0.1237709854  
0.2293784708  
0.4550631678  
1.164254195  
0.01990416019  
