1.394490302  
-0.07002036595  
-1.037001439  
-0.4020153261  
0.3867849515  
0.6440776848  
-0.9803325693  
-0.8930688486  
-0.46095266  
0.6934038428  
-0.06816115936  
-0.1097853403  
0.205212986  
0.4880157325  
0.3929660509  
-0.7518880422  
0.3309924273  
0.1274115931  
0.7770295751  
0.7140413488  
-0.5582108513  
-0.6431875817  
-0.3254991098  
0.09280525182  
0.4990450885  
0.8343327543  
-0.6471962168  
-0.9719078748  
0.6459311129  
0.7121219055  
-0.2320834465  
-0.2743725796  
-1.132106871  
-0.7905231216  
0.3813883596  
0.4995504441  
0.2866350479  
0.7960064156  
0.5325614643  
0.03515464911  
0.06439689272  
0.4989121225  
-0.2112357681  
0.5093516249  
0.3158502699  
-0.6627994613  
-0.9031103865  
0.2432877079  
0.7597785909  
0.385845904  
-0.07411758013  
0.3761838118  
-0.1570511484  
-0.2764666163  
-0.3051052201  
-0.609116387  
0.02720197075  
-0.498216462  
-0.2315862617  
-0.1971978773  
-0.3464753066  
-0.09240723597  
-0.1313142355  
-0.2282987565  
0.667516595  
0.4618833306  
0.9185380591  
1.0996885  
-0.5584939217  
-0.682840231  
-0.9534480443  
-1.042490313  
