0.2195447913  
0.8746218464  
0.4802967881  
0.153610721  
0.1941666333  
-0.3638151216  
0.0865180037  
-0.4502299119  
0.6416087444  
1.142067486  
0.8686303542  
0.2789226094  
0.3116551427  
0.1063112407  
0.09639637819  
0.1402683965  
0.1109148287  
0.1053584853  
0.6622203111  
-0.4770903415  
-0.7011822724  
-0.5831361572  
-0.2267772309  
0.4072595015  
-0.2985839493  
0.6278234782  
0.4777421432  
0.4096967801  
0.4430932579  
0.1266702403  
0.5402097609  
0.5120666812  
0.69827468  
1.136957701  
0.1938616996  
0.006749230584  
0.03184959199  
-0.4713327031  
-0.57732094  
-0.06074566571  
-0.1337625267  
-0.2668865705  
-0.2048223536  
0.2881782693  
0.5301202749  
0.7030940905  
0.5386872204  
0.1471346783  
0.651235736  
0.1863726189  
0.2571414476  
0.06533304661  
0.1888513319  
0.03700092389  
-0.2809879375  
-0.662787614  
0.4864767109  
0.3977698233  
-0.4776159598  
0.16604111  
-0.1911268447  
-0.2613305741  
0.5654747168  
0.577901982  
0.4935333301  
0.2615232207  
-0.3592911809  
-0.530132603  
-0.0006155042364  
0.4978653665  
0.1400924537  
0.9830602661  
