0.1896284389  
0.4290448302  
0.680178407  
0.3003876892  
-0.3655189884  
0.05693709184  
0.3341558529  
-0.0915461012  
0.4622719343  
0.3841863508  
-0.3791314068  
-0.1210160263  
0.2221764523  
0.3157775586  
0.286948786  
-0.04968607877  
0.192386666  
0.5141746552  
0.8520664467  
0.5084434597  
-0.1184741486  
-0.1694943532  
-0.2335833595  
0.2199356917  
-0.01260237092  
0.4819672727  
0.132147622  
0.1593895969  
0.389980059  
0.2182946942  
0.1229386787  
0.4118250244  
0.1666969155  
0.2976735309  
0.002016836408  
-0.1893618217  
0.2700588674  
0.1945791697  
0.08863497604  
0.8689689803  
-0.1637124623  
0.2357600261  
0.9862985956  
0.7705556562  
0.06795691635  
0.01936786887  
0.2394258784  
0.4602019355  
0.04737057753  
0.1765316607  
0.01188305775  
-0.1705881832  
-0.2149220299  
0.2577252412  
0.2201614003  
-0.1899627729  
0.7782399978  
0.1820660771  
-0.5999212505  
-0.3122142451  
0.1263521576  
0.2855348473  
0.5354445756  
0.6260723174  
0.4805789205  
0.5828000015  
0.3970907221  
0.07713049366  
0.06058647582  
0.03875006186  
0.03190302437  
0.3795096921  
