0.5240729853  
-0.03346059177  
-0.1252681995  
0.2999016957  
-0.08464594028  
-0.6231848592  
0.6948156048  
1.301208252  
-0.001048965772  
0.04953350039  
-0.2475446659  
-0.2165524191  
-0.01662364504  
-0.5169054649  
-0.523636354  
0.2405225104  
0.4156937661  
0.05122469856  
0.4708901346  
1.755157325  
-0.560057907  
0.3117133078  
1.122181968  
0.4550512843  
-0.07136564971  
-0.1528237587  
-0.2344438771  
-0.577634264  
-0.1611862393  
-0.2478373774  
-0.01568487689  
0.01427224873  
0.4085835029  
0.4513280159  
0.3130668655  
-0.4601701292  
-0.5607351493  
-0.3047194818  
-0.0603481389  
0.1205727139  
0.07836430824  
0.7883649896  
0.9118935747  
0.4683338391  
0.06053188023  
0.02515434758  
0.05034080572  
-0.2548492091  
0.4848210003  
-0.1673941515  
-0.6906979551  
-0.4011875675  
0.140351856  
0.06564358583  
-0.3436810695  
-0.3331700048  
0.3281578218  
-0.2795117639  
-0.0936637461  
0.8086973273  
0.4416574434  
-0.2230930048  
-0.3349649183  
-0.1046485881  
0.07772228124  
0.09304443324  
0.2116808613  
0.3692596907  
0.1500612485  
0.06254778984  
0.4314133109  
-0.4454130854  
