0.01875228454  
0.4667999459  
0.06829028444  
0.0578483077  
0.5686333342  
0.183966752  
0.2290316637  
-0.1730868732  
-0.3138498806  
-0.5203404065  
-0.8645418506  
-0.3268963029  
-0.01570642529  
0.08870029253  
-0.243927904  
-0.2838989143  
0.1129666885  
-0.1709850578  
-0.2131916062  
-0.1632038064  
-0.09750933347  
0.05705403948  
0.3652067312  
0.4812187096  
-0.3130314375  
-0.3131143361  
-0.09645305868  
0.05257992241  
-0.1733021591  
0.06679008916  
-0.04798378143  
0.4137020678  
-0.2178871179  
-1.111093289  
-0.746079423  
-0.938522662  
-0.1484840954  
0.2796684887  
0.02138149846  
-0.235242748  
-0.3075556511  
0.2789235758  
0.4461197938  
0.3744988887  
-0.2733556241  
-0.1135322711  
-0.1130858118  
0.1313517266  
-0.2785123708  
-0.2019716991  
0.6471903943  
0.4602962651  
0.2887144958  
-0.3221600223  
-0.8869955449  
-0.3612761262  
0.2969065527  
0.2162275175  
-0.265552847  
-0.1803273209  
0.1214763977  
-0.1656033467  
-0.2695655772  
-0.1833328222  
-0.1477741007  
0.0342080451  
-0.1792762109  
-0.04456357678  
-0.2448511563  
-0.6654351453  
-0.6382904192  
0.3965515332  
