-0.6239470042  
-0.8392481062  
0.5878298445  
0.2730029841  
0.4977462674  
0.7642188923  
0.007170962096  
-0.1744400729  
0.2620028835  
-0.04992039031  
-0.7256950087  
-0.7093169196  
-0.4677322981  
-0.01429219343  
0.4789138441  
1.089580219  
-0.1851181857  
-1.145571838  
-0.6712109652  
-0.04129923151  
0.1777429527  
-0.2647231417  
-0.2199258936  
0.7132701944  
-0.5250732002  
-0.01227367787  
0.516906726  
-0.2330178528  
0.1513574955  
0.1537597038  
0.03419947099  
0.7879527769  
-0.3947842645  
0.2004096213  
-0.3565431293  
0.04557832487  
-0.3933449846  
-0.1448907487  
-0.1478335141  
0.03600420381  
-0.8158476575  
-0.2027800519  
0.03979755798  
0.09258483929  
0.2887908343  
0.8886352779  
0.6257291733  
0.7338923618  
0.07554803279  
0.07293469753  
-0.2982254174  
0.2515861974  
-0.1050469443  
-0.4775064539  
-0.4522928931  
-0.2429467688  
-0.2375250005  
0.3412251997  
1.14975787  
0.7739198985  
-0.1712076327  
-0.4125868384  
-0.6043367774  
-0.1275810661  
0.06723072767  
-0.5641479985  
0.0360843152  
0.2450343878  
-0.09747048379  
0.5719588849  
-0.2015798951  
-0.5516824103  
