-0.3291905858  
0.05427836666  
-0.3387534699  
0.5371394553  
0.7931583005  
0.7543813853  
-0.1650415775  
0.9524766848  
0.6903803417  
0.3570849641  
0.1056295584  
-0.1854421263  
-0.06112889357  
0.3317461673  
0.1985489814  
0.05070994265  
-0.2246829903  
-0.2211082508  
-0.2759961878  
-0.1219924014  
0.6399361554  
1.363488833  
0.6699005597  
-0.8980314002  
0.335383866  
0.1903781429  
0.379461872  
-0.05828212015  
-0.131389943  
0.6733849255  
1.189627257  
0.6248330907  
0.416245714  
-0.01567666938  
0.03015884992  
0.605322709  
0.4426090858  
0.3471673205  
-0.4927895703  
-0.8484115765  
0.4529382258  
-0.09563089698  
-0.8131411281  
0.05480568106  
0.01741663151  
-0.5013864362  
-0.4085293386  
-0.813866416  
0.9006897764  
1.33214732  
1.374215976  
1.263876636  
1.302307482  
1.456297249  
0.5302828479  
-0.8335692718  
0.02649516338  
0.2538151009  
-0.1323416817  
-0.6101396406  
-0.2035189157  
-0.1908098092  
0.02591558334  
0.0361414289  
0.6402360224  
-0.4289721517  
0.06295798248  
0.6646384911  
-0.397021205  
-1.076149227  
-1.210349643  
-0.01448280619  
