0.1814308403  
-0.1069355168  
-0.2251630628  
-0.2099939217  
0.2420420101  
0.2881317142  
0.3705035135  
0.429368753  
-0.03717826889  
0.3955384954  
0.4654039663  
0.3004830869  
0.3355991085  
0.1781203968  
0.3434531143  
0.3334819418  
0.1121851544  
-0.07369293162  
0.152209872  
-0.1002645949  
0.2469405703  
0.4709721371  
0.1234989032  
0.03117613323  
-0.243200117  
0.0641567269  
0.1865592518  
0.2849998019  
0.5575446342  
0.7019758765  
0.5007928845  
0.2166607981  
0.222955621  
-0.2289083637  
-0.2098851825  
0.168167629  
0.3176745453  
0.309796556  
0.05293878018  
0.204967488  
0.4942430934  
-0.1690911515  
0.2184680993  
0.5066798259  
0.4700763724  
-0.06583990319  
-0.07821070397  
0.1571777373  
0.5622672665  
0.497517272  
0.8217231619  
0.5244509228  
-0.1246722441  
-0.03054828397  
-0.1304690669  
-0.06697395124  
0.7683761131  
0.6718580918  
-0.0567213132  
-0.2993640152  
0.3945461425  
0.335602687  
0.2099878586  
0.108327533  
0.6735705296  
0.2885936175  
0.164024333  
0.3193320879  
0.08396971512  
-0.3609536838  
-0.2148068537  
0.04016697512  
