-0.108503167  
-1.043046538  
-0.891474178  
-0.6195975893  
-0.3557185589  
0.386255337  
0.5860320098  
-0.5423468617  
0.2006969342  
0.6256933775  
-0.2909871857  
-0.5459971245  
-0.1417150286  
0.1050963786  
0.06450978216  
-0.1303664462  
0.07819210554  
-1.300646523  
-1.123519673  
-0.2589809212  
-0.6308559673  
0.03531573066  
-0.3064508684  
0.304635075  
-0.8853321617  
-0.2995474394  
0.7493064658  
0.9275368617  
1.01757341  
-0.04091417005  
-1.020631171  
-0.6492110763  
-0.4683404557  
-0.569167337  
-0.6744591466  
0.01683849488  
0.6190538421  
-0.04435290945  
-0.709347361  
-0.8521161721  
-0.1461080918  
1.064280038  
0.4650123746  
-0.6004897738  
-0.07344214853  
-0.328555594  
-0.3768791709  
-0.4458419539  
0.4860630645  
-0.6807331459  
-0.4616178809  
0.01351441051  
0.2839204961  
-0.3248016639  
-0.6873748342  
0.04577863922  
0.08787004885  
-0.7444323388  
-0.1595837254  
0.05826576603  
-0.5455911959  
-0.7862610491  
-0.9045261102  
-0.4774380267  
-0.1400648073  
0.3924910877  
0.06949999615  
-0.1334182083  
0.1867384954  
0.3175319711  
0.006446083517  
0.02116217312  
