-2.024596181  
-1.299958803  
0.403175394  
-0.05207755652  
0.144142803  
1.161020749  
1.396261803  
0.87868725  
1.867631832  
2.110810172  
0.119922667  
0.3048032637  
0.006046620222  
-0.388163919  
-0.2382787909  
0.2510217875  
-0.2925826658  
0.2208212236  
-0.1839694866  
0.04434104323  
0.7701747065  
0.6018288575  
-0.5354463011  
-0.124109256  
1.171530212  
0.7659107767  
0.6533437069  
0.6912464125  
0.9601055092  
0.7779600393  
0.03162950199  
0.4900542027  
-0.6121957259  
-1.088894084  
-0.3902409106  
0.7476502528  
0.7443325136  
-0.4134589238  
-0.2185534322  
0.144971008  
-0.5751016885  
-0.818811449  
-0.2767159498  
-0.6065794588  
0.5286478412  
0.3355054177  
0.9013010801  
0.6523730747  
1.504375629  
0.8929409718  
-0.165030719  
0.5114028754  
0.1559038805  
-0.137455878  
-0.7445095448  
-0.7374145428  
0.573780887  
0.4972407676  
0.7813461858  
-0.08794664021  
-0.2732860888  
0.5078360918  
0.1846234199  
0.5498801485  
-0.4688462846  
0.6844546418  
0.5678443344  
-0.7241126126  
0.2226552171  
0.4225022009  
0.6832634991  
0.36308037  
