-0.3413878936  
-0.9167510155  
-0.3252626787  
0.6418062226  
0.7181500172  
0.1652130509  
-0.02087749154  
0.8680188122  
-0.1912998299  
-0.5090967075  
-0.1515274405  
0.3716574581  
0.6770781756  
0.5040968999  
-0.390394065  
0.02822958879  
0.1274660029  
0.08644386043  
-0.5068786411  
-0.7880978043  
0.4489227195  
0.4727627535  
0.1342820413  
0.1004248431  
-0.09656794078  
0.7014034088  
0.5451753046  
0.651759631  
0.2457213111  
0.3609636719  
0.6013991421  
0.1863607495  
0.4247616778  
-0.2936726796  
-1.723901967  
-0.7275748975  
-0.02001896246  
-0.2055086382  
0.2363087214  
0.4028239003  
0.03502906991  
0.2948581507  
0.6646799952  
1.095765959  
1.03458997  
0.230701981  
-0.2392126289  
-0.3054405908  
0.1119890685  
0.6200395823  
0.705878268  
-0.03701908227  
-0.6563142558  
-0.5882205049  
-0.4898083828  
-0.02239294282  
0.03037590497  
-0.691087305  
0.4947274611  
0.6142400689  
0.5332581918  
0.7712310881  
0.5714409711  
-0.161141771  
1.014672491  
0.006938757424  
-0.7531548472  
-0.1394698307  
-0.145722753  
0.1083171015  
-0.8328635398  
-0.01809202788  
