0.2386928483  
-0.855131927  
-0.04054333828  
-0.06723894689  
0.4858541753  
0.6167929711  
0.1634636574  
-0.3812901698  
0.4574044437  
0.3491401017  
-0.1146829471  
-0.3749162532  
-0.0931266909  
0.5492367741  
0.5094339489  
-0.02134416047  
-0.4448529919  
-0.2846743186  
0.5529406639  
0.4348077084  
0.156080854  
0.4798659142  
0.2563849194  
-0.1346076026  
-0.2597321906  
0.09551830874  
-0.153542304  
-0.6153639434  
0.2626348673  
-0.2118981986  
0.1550168236  
0.1271767119  
0.1328704592  
-0.2290010319  
0.2481168852  
0.2124786293  
0.4239155344  
0.2886437828  
-0.3624638192  
-0.2580242186  
-0.3791493423  
-0.3804013133  
0.3906764406  
0.01386023264  
0.8845337759  
-0.0672445382  
-0.278761242  
-0.1218697447  
0.2427561709  
-0.08551766071  
-0.1658716073  
-0.08868120456  
0.06637294588  
-0.114099506  
-0.1741620383  
-0.4809134148  
1.062673371  
0.1774937545  
0.1650327719  
0.6568033858  
0.3194158003  
0.047043035  
-0.3847174533  
-0.8346647283  
0.206350264  
0.08296791719  
0.2520768156  
-0.2875727043  
-0.4848799287  
0.1286953903  
0.1069929654  
-0.3612912328  
