0.3265507449  
0.5854800022  
0.2842901335  
-0.2867679282  
-0.08538946862  
-0.1026918653  
0.2469656695  
0.08558244493  
-0.3211240224  
-0.519413854  
-0.290949198  
-0.4532121201  
-0.9051598138  
-0.2152300314  
0.03697443665  
-0.2093030787  
-0.0395387315  
-0.1416276495  
0.1363570937  
-0.7405901024  
-0.3475033041  
-0.09338803511  
-0.08059992876  
0.2031452681  
-0.6421791637  
-0.4782199095  
-0.08787516726  
-0.1026193484  
-0.1703035675  
0.578071728  
0.4352679422  
-0.126669563  
-0.03617443296  
-0.8490935101  
-0.8678071679  
0.01912835113  
-0.2770339715  
-0.6210397119  
-0.000515876632  
0.3449264299  
0.1308486267  
0.1221045671  
0.2133648231  
0.4570957124  
0.05384236182  
-0.2317601202  
0.3368465631  
0.5651785425  
-0.7259184384  
-0.1815137271  
-0.2299311849  
0.1432888355  
-0.2385927023  
-0.3496619267  
-0.2089214174  
0.515361277  
0.2862485616  
0.4251356243  
-0.09398967273  
-0.3114681558  
0.0176995126  
0.104964919  
-0.01247021791  
-0.09694585635  
-0.1694476912  
-0.3641550706  
-0.07865419631  
0.1654675594  
0.2533749526  
0.0894383194  
-0.4486966381  
-0.4696613691  
