0.6377294151  
-0.08303299699  
0.2521059471  
0.266986868  
0.1779883704  
0.3449030516  
0.8020088867  
0.3262465  
-0.3968408065  
-0.1281932226  
0.06913348961  
0.3869588463  
1.016388825  
0.5986263447  
0.5281033159  
0.3841320993  
0.7358055549  
0.4234600546  
0.169369407  
0.660133761  
0.05861603236  
0.1860172605  
0.1096025666  
0.06772563998  
0.5191797248  
0.4309029648  
0.3051901763  
0.4581876732  
0.973844791  
0.9558371046  
0.6049718749  
-0.1379982925  
0.1811212281  
0.1972907668  
0.164251846  
0.2145826362  
0.6453091799  
0.5250556265  
-0.3339922575  
-0.5607856396  
0.4423451324  
0.03068777313  
0.4275143833  
0.1628317098  
0.8540102918  
0.8243926658  
-0.03944163063  
-0.2433668746  
1.035107456  
0.5127392993  
0.1763155076  
0.1426127235  
0.2766344696  
0.2587275881  
-0.1688796115  
0.1453345485  
0.6580105031  
-0.2699773571  
-0.02491610863  
0.3930970915  
0.3789085257  
0.2267464166  
0.2665995096  
0.08168245512  
0.5183636166  
0.003951683249  
-0.007680798861  
-0.4107142702  
0.1278240908  
0.2742475877  
0.5210329265  
0.1885888769  
