0.149205307  
-0.08594144414  
0.5928225733  
0.2768380348  
-0.0351553374  
0.05041494219  
0.2679700172  
-0.1332486096  
-0.7460452014  
-0.2422736523  
-0.1383471383  
0.1425473453  
-0.1626651454  
-0.3182203172  
-0.03114090872  
-0.03570052472  
0.4918315861  
-0.06452985441  
-0.4534888591  
-0.9048119889  
-0.4263629807  
-0.2464460103  
0.5188045404  
0.7381337199  
0.2879809825  
0.8168301614  
0.07406763791  
0.2214658719  
0.1057231849  
0.6985070089  
0.2132173483  
-0.9388456186  
-0.4107637927  
-0.5707394208  
-0.0694618477  
-0.2543744104  
-0.3567769268  
-0.002257521362  
-0.03729324886  
0.1911113253  
0.4076732546  
0.005120244465  
0.3161346062  
-0.4493939464  
-0.1688945099  
0.2704526605  
-0.3312441201  
-0.02776487799  
-0.5402179891  
0.316468928  
0.3855482474  
-0.1189555987  
-0.159117737  
-0.4979919197  
-0.684441632  
-1.013132374  
0.2184937224  
0.4149437325  
0.07113072217  
0.08024200243  
-0.8709881516  
-1.125897251  
-0.1875597204  
0.02552469161  
0.7301110411  
0.5203522569  
0.396797295  
0.5209488205  
0.5590551343  
0.2976989618  
-0.6751963844  
-0.1116272091  
