0.9859698756  
0.9257328922  
0.1016127919  
-0.3319524036  
-0.3596953491  
0.4303963655  
-0.2778750846  
0.3343722185  
-0.1107972319  
0.4051376244  
0.3485436165  
0.3561814412  
1.170826171  
1.476999848  
0.4359090084  
-0.2951875545  
-0.9035539188  
0.04055706157  
0.9389033865  
1.775067405  
1.543257245  
0.4821159989  
-0.1886462257  
-0.2871567756  
-0.3635616267  
-1.227574933  
0.1028815369  
1.000920568  
0.4763096438  
-0.6169800158  
-0.7830454115  
0.252384385  
0.3304956438  
0.2776049351  
1.263449266  
1.280144138  
0.2186175553  
0.7892897074  
0.6313776742  
0.920833819  
-0.5230515901  
0.4202848804  
0.403238868  
0.9830750333  
0.2921776628  
-0.7763947936  
-0.2753321246  
0.5315632995  
0.4606205867  
0.6342843222  
0.30368343  
-0.2480855309  
-0.2859315974  
0.3670832891  
0.04716089662  
-0.001442266922  
0.02835208413  
0.789925333  
0.3449865525  
-0.04372086729  
1.109878891  
1.250932849  
0.4912591451  
0.6236709086  
-0.3694804832  
0.02020481366  
-0.08683348839  
-0.6368997762  
-0.3400649139  
0.1586572842  
0.9676623141  
-0.5055460844  
