1.056894001  
0.8889112923  
0.8546125505  
-0.5130756882  
0.3416272816  
0.720081138  
-0.5201072797  
-0.8119044913  
-0.08437728254  
0.01757697594  
0.9087365984  
0.04613263046  
-0.7770187431  
-0.5429839704  
0.1852065176  
0.6926920078  
0.587553111  
0.4999368669  
0.270871104  
-0.6688869239  
0.1587018171  
-0.2150518851  
-0.4216986134  
0.7554036051  
-0.734762077  
0.5123425557  
0.4215241996  
0.08492680306  
0.1945040281  
0.2886155183  
0.9578171765  
0.6027075915  
-0.3528516257  
-0.6676304238  
-0.3867106626  
-0.3445571151  
0.1205742458  
0.696311956  
0.6429392985  
-1.066928326  
-0.1635769062  
-0.166572221  
0.5428118392  
0.4598479057  
1.010672492  
0.1254660181  
-0.5164450768  
0.4645496279  
0.08882843213  
-0.1523010548  
-0.3973301431  
-0.5161853864  
-0.6942843301  
-1.346639169  
-0.6953043769  
-0.3558322022  
0.7896006947  
0.1005627246  
-0.1104747827  
0.3503699636  
-0.5127542211  
-0.8563774805  
0.5211535053  
-0.7816961795  
1.715128035  
0.2063263014  
-0.8086551138  
-0.1472111184  
0.5553459817  
0.2139761409  
-0.3766697743  
0.8576857616  
