-0.2280234523  
-0.1534280036  
0.7378086368  
-0.2470928962  
-0.2656895203  
0.7028133995  
0.1542002922  
0.128682171  
0.9131404808  
1.008239672  
1.005410098  
0.1073443762  
-0.2597982  
0.1470395976  
0.1972637155  
0.6910363401  
0.3077873851  
-0.04852793954  
-0.5749518004  
-0.2164620087  
0.5454773079  
1.050193073  
0.3461139935  
-0.1547600379  
0.2737133123  
-0.08763807071  
0.3870743188  
0.8995102246  
0.7081375921  
0.07978885106  
-0.04037558146  
0.06813217768  
0.04433220206  
-0.1435730749  
0.3605443792  
0.4202594156  
0.7016003136  
0.2761409251  
0.6943173222  
0.8653122877  
0.4766845515  
0.4795380227  
0.6566469136  
-0.03631290342  
-0.3172204869  
-0.08973547659  
-0.1791723617  
0.0342467972  
-0.2605699611  
0.3224724357  
0.4430123844  
0.1481138429  
0.2543236855  
0.703648399  
0.8360176278  
0.2304256523  
0.6281827212  
0.5700585823  
0.2140599016  
0.4042101417  
-0.460808559  
-0.4152371383  
-0.1243992969  
0.311739049  
0.6256252437  
0.5134265922  
0.2041848852  
0.7229456737  
0.3292603644  
0.6390914051  
0.4615662676  
-0.07174956857  
