-0.3665644542  
-0.4182017081  
0.4504984514  
0.524933846  
0.2142300238  
0.3051150175  
0.6551311784  
0.2637924313  
-0.3256428156  
0.1518629738  
0.08071097555  
0.190578114  
0.5624993296  
0.6862510438  
0.30424844  
-0.3542654138  
0.06833630977  
0.6501813037  
0.4730186404  
0.03196814519  
0.2114610384  
0.08480373515  
0.02177547663  
-0.4268023448  
0.2667369713  
-0.1195581828  
-0.08273900614  
0.02581483324  
-0.2508145504  
-0.4301836553  
0.1593978285  
0.3983206405  
0.03939753275  
0.3878254252  
0.6847219101  
0.3839463244  
0.3310574646  
0.6811613468  
-0.004626838074  
-0.5518994629  
0.140855719  
0.815909109  
0.8303289743  
0.2660619343  
-0.8395752138  
-1.069354207  
0.02453239586  
0.2269790766  
-0.2791139267  
0.2255088404  
0.8035452823  
0.6587886691  
-0.2794793593  
-0.1109881853  
0.1044922675  
-0.3406004905  
0.3540556949  
0.108578297  
0.4941068438  
0.4926021296  
0.1471052279  
0.1123633314  
0.04379726162  
0.07568271066  
-0.3484213911  
-0.7785707878  
-0.6464232384  
-0.1780004714  
-0.1655619671  
0.07503567847  
0.05555616657  
0.1146722231  
