0.7786407392  
1.512946723  
-0.1554089494  
0.1303901625  
-0.4034595617  
-0.3984860643  
0.5868561299  
-0.1407546036  
1.265057754  
1.002786398  
1.390296382  
0.704827853  
-0.1397439214  
-0.3635614524  
-0.2406744565  
0.0462731096  
0.7360284438  
-0.5260262147  
-0.1023414569  
-0.3333614398  
0.4676982436  
0.1422736205  
0.09535689417  
0.6130285189  
-0.07714277349  
-0.4396521333  
0.7335057549  
0.2687340014  
-0.1083598309  
-0.3238731731  
-0.983956826  
-0.6313183876  
0.3509874171  
-0.7727910242  
0.1845797736  
0.2811628231  
0.2896234224  
0.3665365485  
0.5352518321  
0.2626258229  
-0.122944435  
0.1377257076  
0.2146249158  
-0.05696572716  
-0.1380504813  
1.193557917  
1.18077882  
0.3057577288  
-0.3990186665  
0.1952507021  
0.5526120263  
0.2061112201  
-0.1937395514  
-0.4952151116  
0.1648946589  
0.03167987625  
-0.3758121564  
0.118825758  
0.2061735858  
0.1542915529  
0.3241311895  
0.9242592374  
0.03448481034  
-0.3079792345  
1.05333793  
1.097307336  
0.1698108588  
1.106195965  
0.3464977286  
-0.7469018601  
-0.4772748244  
0.1549926228  
