-0.641921369  
-0.6938793231  
-0.2654618552  
-0.5083320064  
-0.7192934509  
-0.2551822653  
-0.4360573503  
-0.2147415803  
0.2223441656  
0.2020210376  
-0.4864584596  
-0.3248552419  
0.396694783  
0.7412122833  
0.2818692251  
-0.5280106644  
-0.3644059674  
-0.01909532535  
-0.1807208744  
-0.2267853214  
-0.1293754479  
-0.2362994195  
-0.1487685848  
-0.3061176883  
-0.143110189  
0.3971560702  
0.5036684394  
-0.4520962308  
-1.018301948  
-0.4970207605  
-0.4432892251  
-0.4799652209  
-0.5085176065  
-0.04158893948  
0.1373766868  
0.04012094703  
-0.3512898572  
-0.2353814048  
0.4082445345  
0.6143001604  
0.1304765565  
0.265634126  
-0.3985536665  
-0.3498895664  
-0.5430901032  
0.0974369537  
-0.3909598452  
-1.062655291  
-0.5160754583  
-0.5451853996  
-0.6890643206  
-0.2880400773  
-0.8978150496  
-0.5305006192  
-0.4606233049  
0.03421081083  
-0.3460175562  
-0.4862518418  
-0.2292947616  
-0.204821635  
0.3213382126  
0.1803628919  
-0.2505063462  
-0.4435068185  
0.527260682  
-0.3689462516  
-0.6071298327  
-0.3151264678  
-0.1447958509  
-0.3108347678  
-0.2802768245  
-0.4735554856  
