0.9138547047  
0.1091056452  
-0.2888525661  
0.2661896972  
-0.205592789  
-0.004966916555  
0.6938247812  
0.1038263332  
0.6400880896  
0.5161341652  
0.421793503  
0.6884498517  
0.7522881315  
0.3012913288  
-0.04027197902  
0.4048432592  
-0.0414188094  
-0.1336474679  
0.1914564522  
0.628340357  
0.6087644189  
0.3423088402  
0.3891163691  
-0.5931489844  
1.080756878  
0.8811913648  
0.3171218257  
0.2249084457  
0.1968121328  
0.4294534774  
-0.08167718494  
0.005405574998  
0.5707808621  
0.08858557653  
0.3661572503  
0.2384124071  
-0.02703809903  
-0.2986769601  
0.1504735569  
0.7785981925  
1.019222908  
0.8918733223  
0.100205151  
0.4381603197  
0.3097999938  
0.1190185011  
0.5468141927  
0.4015401216  
-0.1569871292  
0.003051647063  
0.4993734086  
0.7972837808  
0.1147914662  
-0.1266685794  
0.1512436856  
0.07248011427  
0.7891155689  
0.5546402393  
0.2534253958  
0.3019345906  
0.4455323673  
0.695471364  
0.669681086  
-0.04075658007  
0.8217336343  
0.6035532096  
0.6426004272  
-0.01857276926  
0.09811908653  
0.06583911405  
0.01754553587  
0.2813695324  
