0.7084999868  
0.6408402494  
0.9513332998  
0.4380043515  
0.2133122732  
0.6114601409  
0.5536250992  
0.17284933  
1.254318765  
0.8024555643  
0.7656553693  
0.3534105836  
0.1655362127  
0.1378559968  
0.6227141585  
0.8114235357  
1.356573033  
0.4880507795  
-0.1209726286  
-0.1417892655  
0.3021616497  
0.2018721742  
0.3798706503  
0.1221580371  
1.132951665  
1.049571659  
1.374191557  
1.036441582  
0.5883122817  
0.3240096536  
0.2165972603  
0.3121273799  
1.157871332  
0.08217495594  
-0.4911969155  
-0.2399322234  
0.2470789217  
0.6355485199  
1.027544148  
0.3544109139  
0.7405029135  
0.8486233122  
0.1847653117  
-0.04712634498  
-0.177708005  
0.01609868844  
0.8462213086  
1.448951497  
0.9702463701  
0.3568514445  
0.4015392633  
0.5685900656  
0.7883843361  
0.2568562472  
-0.5764391908  
-0.577651476  
0.6560330113  
0.441451116  
0.339465454  
0.6204628796  
0.3036802319  
0.06558767264  
0.7521434658  
0.07254245091  
0.7952143856  
0.7683193792  
0.417163444  
0.7338198046  
0.9458941063  
0.795694797  
0.9752394893  
0.2006966351  
