-1.053385777  
-0.4345296769  
-0.877155543  
-1.071032966  
-0.2886064624  
-0.2699209728  
-0.2964164717  
0.3130474948  
0.1041612641  
0.1714342958  
-0.6460140051  
0.3373908661  
1.01314528  
0.9042003312  
0.2511091548  
-0.6830393366  
-0.2154415952  
0.6859056048  
0.2865118259  
-0.5035049609  
-1.302859719  
-1.849844856  
-0.3848163282  
0.7425074044  
-0.4257734379  
0.3126183709  
0.8980587086  
0.4450555481  
0.1716226186  
-0.948859935  
-0.3443513988  
0.6348725726  
-0.4062604594  
-0.4219585516  
-0.7183226107  
-0.2372378292  
0.09380328974  
0.04950514416  
-0.2593908173  
0.7428762239  
-0.0441253597  
-0.3672866696  
0.2650954324  
0.3970935843  
0.09579094421  
-0.482567002  
-0.7692921162  
-0.5133081621  
0.1977582788  
-0.4352571823  
-0.3392065381  
-0.2610732076  
-0.3374130043  
-0.2320213851  
0.184043252  
-0.5337402067  
0.2701932317  
-0.08801883145  
0.2033096458  
0.06631063141  
0.2006975412  
-0.109775017  
-0.06811069834  
0.06985607822  
0.1855465292  
-0.5408858414  
-0.6575270334  
-0.271421976  
-0.1622831916  
-0.9327523583  
-0.1141905457  
0.6126945442  
