0.3753383546  
0.3772220636  
1.229295087  
0.9433437817  
-0.03048963923  
-0.3517087065  
0.1617845026  
0.1550079216  
-0.6005835597  
-0.582898987  
-0.290824218  
-0.2325176357  
1.025801081  
0.4252082454  
0.02883165212  
-0.4327280678  
0.654880266  
0.2232561084  
0.2561713426  
-0.1241766591  
0.8745304076  
0.7233164852  
0.5273189256  
0.2043949926  
-0.0369919262  
-0.4237303985  
-0.3842788731  
-0.3176016251  
0.4053629666  
-0.1015839511  
0.3782369085  
1.467081304  
-0.5866293044  
-0.4416637428  
-0.2552977794  
-0.4132532089  
0.3910783796  
0.6771710546  
-0.02694047948  
0.08084164408  
-0.001885830584  
0.03362450082  
0.3983916264  
0.3260892708  
-0.1611522342  
-0.4342514175  
-0.5175768184  
-0.09146820004  
0.6266915226  
0.1228649303  
-0.5981619115  
-0.422680984  
0.1684401099  
0.1591042359  
0.2008863174  
-0.07877952507  
0.2873291412  
0.8454574841  
0.2910697774  
-0.5298706211  
-0.5873935036  
-0.3263367218  
0.04828958753  
-0.06594645291  
0.1888782732  
-0.1160116196  
0.1327338968  
0.2036007062  
-0.03111756926  
0.07759402261  
-0.1032652814  
0.2394234217  
