1.08240991  
0.4815650266  
0.468753633  
0.4230213852  
0.0006456712144  
0.009946929199  
0.1490670304  
-0.1863627037  
-0.2645386684  
-0.1886069558  
-0.4791657427  
-0.1448455574  
0.6063833608  
0.2412294056  
0.7013747006  
0.2339588814  
0.5172828965  
0.6414958092  
0.1153155804  
0.2868437927  
0.8402453416  
0.2552028231  
-0.1823288635  
-0.3048506761  
1.367353501  
1.247247023  
0.3887996337  
0.001306976837  
-0.1069036343  
0.1406337747  
-0.09511399688  
0.06188428935  
0.4928768581  
0.2011390679  
0.03423503519  
0.1159623009  
0.5261204016  
-0.04371547059  
-0.1389822975  
0.344741284  
-0.04276597173  
0.732291399  
0.005218729178  
-0.3124571143  
-0.006126209346  
-0.06037702013  
0.03121496972  
-0.04362918995  
0.05994952411  
0.4203107096  
0.541655948  
0.08627562805  
-0.2565189169  
-0.2510982114  
0.2915282177  
0.08367577003  
0.2016567225  
0.4227424345  
0.24647308  
-0.03627057504  
-0.08145916905  
0.1649889821  
0.3041520924  
0.2970162475  
0.4210310288  
-0.1272066103  
0.1536243026  
0.0004959216118  
-0.04881453592  
-0.1030859759  
0.3325716008  
0.7237029023  
