0.2625803491  
0.6115087525  
0.5239437718  
0.07326994191  
-0.01723320819  
0.3451140085  
0.1042489288  
1.095987148  
0.08679813886  
-0.1131348865  
-0.6047867152  
-0.956729116  
0.5440768188  
0.7517156674  
0.4456248879  
0.5013710776  
0.004210470146  
-0.01487908718  
0.3804827663  
0.005526149842  
0.08850518477  
0.2701204028  
0.2029677344  
0.1788697998  
0.4409873726  
0.1392251489  
0.3881150554  
-0.01957710051  
0.348653475  
-0.3982557416  
-0.3138298835  
0.4073094994  
-0.3945841315  
-0.2543846762  
0.5887259729  
0.7086505386  
0.837200114  
0.358198539  
-0.179206918  
-0.1467383672  
-0.5728765931  
0.1566953323  
0.3342030899  
0.456289129  
0.7817966273  
0.925601912  
0.05835665723  
0.8292454061  
-0.9282779557  
-0.6472510687  
-0.514356927  
-0.7353792213  
0.2104204825  
-0.104884987  
-0.258978499  
0.5107838308  
0.622871227  
-0.2075466518  
-0.2120664011  
-0.5677794797  
-0.03802931863  
1.235191129  
0.5870449428  
-0.1094589302  
0.1099287197  
0.02652728165  
0.7316868101  
0.3243288105  
0.08290102705  
-0.1760647635  
0.1261693084  
0.2264955272  
