0.6361988816  
0.3172513461  
0.2169067757  
-0.05981506486  
-0.2941073287  
-0.2531719784  
0.04464525357  
0.6119487487  
0.354348638  
-0.70270262  
-0.3177516951  
-0.02522497286  
0.3742375278  
0.2198619229  
0.01386454515  
0.1209131488  
-0.1779743702  
0.2387153006  
-0.1482285874  
-0.1377327847  
0.03340821823  
0.351232356  
-0.01087328311  
-0.2060309315  
-0.05325704342  
0.04168777918  
0.103238918  
-0.2352839484  
-0.4234261904  
0.004537244572  
0.1317160846  
0.2719789279  
0.05644678393  
0.4946283229  
1.055519868  
0.4635917936  
0.1853513583  
0.1943351107  
-0.4350837548  
-0.07254032206  
-0.7682140144  
-0.6053537534  
-0.4051807964  
0.2154593583  
0.5214798391  
0.2521110892  
-0.06276255589  
-0.4113148938  
0.5170841596  
0.1508771839  
0.320216714  
0.7647991692  
-0.2269695356  
-0.4112134582  
-0.2351304673  
-0.3158358777  
-0.5138381925  
-0.2593778101  
-0.08582830267  
0.003630663072  
-0.2728034002  
0.2000071438  
0.9307121856  
0.6052157601  
-0.1441823452  
-0.5471701255  
-0.2221590369  
0.6044140774  
0.6057970505  
0.2562000138  
-0.3296719264  
-0.8091882534  
