-0.3514770761  
-0.25730968  
-0.7957918716  
0.1111831524  
0.2105671068  
0.8829220023  
0.9787690296  
0.1348985269  
0.3573209599  
0.7866576687  
0.2967933134  
-0.09379873542  
-0.04140845843  
-0.3465820053  
0.09088509098  
-0.7381059214  
-0.4792636515  
-0.8600571527  
0.4198074168  
0.4778128819  
-0.09610627229  
-0.3638794112  
-0.5585541592  
-0.5099208841  
0.5588706312  
-0.147135656  
-0.5550779366  
0.6757026064  
0.9249739035  
0.300681896  
0.74855784  
-0.1079644749  
-1.065233441  
0.08248639342  
-0.4438530348  
-1.068663973  
-0.478485318  
-0.01514631422  
-0.2134055709  
-0.3498146103  
0.3215108685  
-0.1501940795  
-0.9792276009  
-0.9344378663  
-0.6689480324  
0.1998486499  
0.5309146921  
0.008931091742  
1.119434371  
0.5683496132  
-0.5372347479  
-0.02716384456  
0.3523628029  
0.4880855387  
0.07366493236  
-0.2660531406  
-0.4029809931  
-0.1481037101  
-0.2088506947  
-0.1615109624  
-0.554591164  
-0.3876328165  
0.2310030174  
-0.2791798398  
-0.2048049165  
-0.7389305169  
-1.144292289  
-0.5398266592  
0.0895807896  
0.3011440101  
0.5185192226  
-0.07641297187  
