-0.2608609981  
-0.2286018676  
0.5780894001  
0.8679972969  
0.07431053096  
-0.3076087178  
-0.04785412972  
0.1365953918  
-0.2491994123  
-0.298545247  
-0.1156507459  
0.03492773263  
0.6127106144  
0.3620047812  
0.6254270661  
0.1601103791  
-0.2493065297  
-0.3048185773  
-0.2673855546  
-0.4925023678  
0.00129712121  
0.7000657755  
0.5419672922  
1.023940736  
0.4973808017  
0.4903016938  
-0.005569529634  
-0.5579473747  
-0.6445323895  
-0.4532100145  
-0.4864141243  
0.4874937297  
-0.8197322988  
-0.09307578932  
0.4654113658  
0.00790962969  
-0.0622772609  
-0.07423610238  
-0.1599100452  
0.2875293562  
-0.0607963849  
-0.1596069729  
0.1950774624  
0.3185059759  
-0.4058335762  
-0.3195599096  
0.06638035492  
0.01129759446  
0.2287274916  
0.05572836753  
-0.002584516733  
-1.059723945  
-0.8428697964  
0.05937878807  
0.5460278513  
0.1970965524  
-0.3971244078  
0.2744050844  
0.6773265798  
-0.4581313657  
-0.4926003445  
0.09796559987  
0.3621937114  
0.6134347399  
-0.4790974009  
0.4015334573  
0.1156322153  
0.4149532964  
0.7359738099  
0.5235209448  
0.1370146274  
0.1666660335  
