0.02224736619  
-0.4426115919  
-0.008614830673  
0.2182422353  
0.675490806  
0.4029130076  
-0.2246341368  
-0.4199440456  
-0.2847695537  
0.1367049162  
-0.1523518368  
0.00765123532  
-0.09004461883  
0.6699167533  
0.1479665104  
-0.30779647  
0.05566973337  
-0.4088139303  
-0.1996840105  
0.07957216176  
0.2834310384  
0.5815847667  
0.1662386946  
-0.02223920234  
-0.205784044  
0.1975088672  
-0.1858438371  
-0.454458453  
-0.1841838805  
0.3152649387  
-0.04954340427  
0.1742929754  
-0.3902786667  
-0.4778993824  
0.3423222638  
0.8601800391  
0.08516501346  
-0.1784276852  
-0.4145465074  
-0.2519747603  
-0.4144537568  
-0.621844129  
-0.4119410454  
0.2224937582  
0.04853945686  
-0.4631921418  
-0.2738555474  
-0.2584445345  
0.0920874647  
-0.3224220441  
0.6608248518  
0.2245908964  
0.1168855343  
-0.04758913188  
0.5240684135  
-0.8413838187  
-0.3054256122  
-0.5784713596  
-0.3896252846  
-0.6114986841  
-0.6700058823  
0.07397564217  
0.7117452584  
0.9455162535  
0.2931431975  
-0.3430592233  
-0.3039747539  
-0.2748654387  
-0.1551462812  
0.1260629111  
0.1811626334  
-0.3805560772  
