1.100932916  
-0.03821597613  
-0.1150150909  
0.3958601742  
0.03069931149  
0.04053907807  
0.2060550006  
0.2697739505  
0.01283711896  
-0.250776855  
0.284941453  
-0.07964923081  
-0.1140076819  
-0.2284028143  
0.1245415301  
-0.1353296304  
0.2727765991  
-0.2393928456  
0.008784220016  
0.3958341393  
0.7486802399  
0.5371415904  
0.1885217148  
-0.1824302041  
0.7358081389  
0.1320239359  
-0.3137167677  
-0.5585903777  
0.1609577808  
0.4632749362  
0.5545864728  
0.5180796623  
-0.05258059315  
-0.188056005  
0.382099196  
0.1500016315  
0.09091213516  
0.05597042272  
0.05305993664  
-0.3776516073  
0.5715611387  
0.5270863849  
-0.1497503441  
-0.02237502856  
0.3054413782  
0.4827557786  
0.115799691  
0.02348797013  
0.5694588811  
0.1144743567  
0.1113008247  
-0.2205351897  
0.1795658376  
0.104312039  
-0.3188693843  
-0.5781732933  
1.194900552  
1.083484936  
0.6313504488  
-0.1913214172  
-0.5908685116  
-0.7195132822  
-0.03923666284  
0.03908290574  
0.2832409287  
0.7125003485  
0.4514776521  
-0.2435146948  
-0.3116521175  
-0.1475871587  
0.6426825751  
0.5340144952  
