0.06657186496  
0.234775891  
0.7399078324  
0.6825417644  
-0.1319376974  
-0.2441146047  
-0.6554408727  
-0.3047902684  
-0.006841270841  
0.03441226803  
-0.1145649416  
-0.00838008197  
0.6490478192  
0.3133348026  
-0.002200925723  
-0.3136257761  
0.7499702077  
0.1789027856  
-0.3170753058  
-0.5359031708  
-0.2065542305  
0.2514574205  
0.06529017548  
-0.102858993  
-0.2355923105  
0.456396827  
-0.1371316406  
0.2601177773  
0.2750698379  
-0.02171469002  
0.7734792401  
1.458416943  
-1.393329725  
-0.0009851357655  
0.1399944577  
0.193577181  
0.348645733  
-0.1904476021  
-0.1281499059  
-0.2510829549  
-0.0534695379  
-0.02769278605  
-0.09304364952  
0.1342293522  
-0.06247491939  
-0.1583038685  
-0.4888831479  
0.01336623573  
0.4443179238  
-0.4413867669  
-0.09240064716  
0.07287875749  
0.21544353  
-0.1264301994  
-0.310695813  
-0.05047275155  
-0.4819422  
0.1972849692  
-0.6611152566  
-0.8525910836  
-0.2282732004  
0.4383370894  
0.8183168475  
0.7161679921  
-0.5181793317  
-0.02336198734  
-0.3625497361  
-0.6240317437  
0.2249940275  
0.03150156454  
0.01162858699  
0.5288998407  
