-0.3261658702  
-0.2140432894  
1.25350453  
-0.4217146325  
-1.048982903  
-0.1805570543  
0.4799627645  
1.762749496  
0.05829561551  
-0.9728607785  
-0.9739760023  
-0.4673086307  
0.3709815646  
1.061196602  
0.2764758095  
-0.2663525531  
-0.09262689841  
0.09533195727  
0.5854313334  
0.2249716642  
0.3786592091  
0.05080980317  
-0.4241901727  
-0.3533764517  
0.318641563  
-0.2824576756  
-0.2642940259  
-0.3700512044  
-0.07740456101  
0.670514764  
-0.3371567612  
-0.06664015262  
0.7134028294  
0.5596576617  
0.1252643257  
0.1863469375  
-0.2229577367  
0.1236064564  
-0.132040543  
-0.06912692009  
-0.1389814117  
0.4724359073  
-0.2643457422  
-0.1595676924  
0.4121655986  
0.2964380787  
0.6365440255  
0.1700239513  
-0.164947211  
-0.7992585239  
-0.6086820264  
0.09905322107  
0.3541227197  
0.04001969756  
0.1409711669  
0.01299980048  
0.1656178637  
-0.2205103422  
0.2081207547  
0.7699486845  
0.7750724957  
0.2550125448  
-0.5293875658  
-0.059951614  
0.5882087365  
0.04295396854  
-0.5146635892  
-1.138518868  
-1.162608549  
-0.4315719358  
0.0135926017  
0.504929897  
