0.3041931428  
0.644273487  
0.5400931751  
-0.02562695271  
0.1001515067  
-0.6733026718  
-0.5665420015  
-0.5913093608  
0.5260759263  
0.405034437  
0.4514427624  
0.08504704445  
0.2520635136  
0.6713445955  
0.5756724714  
-0.4136115901  
1.22475457  
0.3497275264  
-1.054445202  
-0.5867795313  
-0.2236745299  
0.9685188957  
0.9411589562  
-0.4476823407  
-0.1084308164  
-0.1045286183  
0.03653798698  
0.1283916811  
-0.1469143492  
-0.07906087743  
0.06916891666  
0.02531902963  
1.042237749  
-0.1421905806  
-0.7071245226  
-0.2879637294  
0.6522498846  
-0.2300321779  
-0.3652387175  
-0.5695951903  
1.192496363  
0.4953550756  
0.2990536586  
-0.5828028092  
-0.0958753338  
0.0337798417  
-0.1641134215  
-0.1973641979  
-0.236782692  
-0.4826789889  
-0.06598173552  
-0.2931832541  
0.1956610089  
0.458989881  
-0.3021045078  
-0.3711787228  
0.008278489897  
-0.1158266856  
-0.2993803307  
-0.0479637055  
0.5116719615  
0.3892631248  
0.3963828983  
0.4431248037  
0.1061281648  
0.1562888955  
0.2620017988  
-0.08747075361  
-0.2548298575  
0.0884567011  
0.3612081911  
-0.05386316149  
