0.4743128008  
0.6098646776  
-0.1319440775  
0.2329701559  
0.8700448714  
0.3075251877  
0.2998256774  
0.1228579811  
-0.7274444864  
-0.2617555817  
-0.02348692495  
-0.3839944521  
-0.07047215957  
-0.1333643517  
-0.2362616529  
0.5895624225  
0.2984950406  
0.4525162216  
0.9063305238  
0.1993635328  
-0.2300148662  
0.1982956898  
0.04587041302  
0.2377305645  
-0.1530339079  
0.3853433487  
0.1691162008  
0.4242846031  
0.4677670149  
0.6125953231  
1.076192111  
0.163098564  
-0.4855091948  
-0.1803421515  
0.1116357018  
0.2546477907  
0.9883758853  
0.2756909301  
-0.1667762655  
0.1115376822  
-0.2508700397  
0.0587137295  
0.7298787608  
0.7111589246  
0.1822627396  
0.3759492712  
-0.2382340567  
-0.09781599099  
-0.1615426066  
0.3196188688  
1.163796675  
2.126668652  
1.40011499  
-0.1308371732  
-1.353094536  
-0.6240413918  
-0.3566163165  
-0.7540110513  
0.1299132311  
1.122502607  
0.391888889  
-0.1019896963  
0.1565751842  
0.8614592303  
0.3100662247  
0.3349131132  
-0.3333824261  
-0.01846490065  
-0.142607808  
-0.2030042298  
0.02420189036  
-0.07672103588  
