0.5056495143  
1.125949469  
0.5394967342  
0.1524329146  
-0.02846470622  
-0.3462067144  
-0.2123769397  
-0.6192307019  
0.4394580148  
0.1568926773  
0.1518885336  
0.4482275797  
0.5166939551  
0.5754096254  
0.3912322852  
-0.3074839355  
0.5121735925  
0.9565159418  
-0.3826852366  
-0.4041028941  
-0.3829229711  
0.4773127137  
0.622461695  
-0.5889216665  
0.6570280465  
0.202399531  
0.454814633  
0.1977882733  
-0.496568231  
-0.1187278463  
0.128435162  
-0.1639403575  
0.2252179116  
0.6530881463  
0.1592554443  
0.7453771012  
1.167307671  
0.6854435184  
0.3769150013  
-0.02471296911  
-0.4385383025  
-0.6932378076  
0.09944188211  
0.1150136466  
0.6236382258  
-0.04951106531  
0.1064223679  
0.3426604825  
-0.03788516273  
-0.2802340291  
0.2366902995  
-0.2875294627  
-0.3244562235  
0.3252994763  
0.5131058652  
0.5955085849  
-0.7837631131  
-0.8613011931  
-0.6522373063  
0.03166737081  
0.5610326327  
0.6880457695  
0.4974896796  
0.7951482495  
-0.4641569275  
0.0936010478  
0.7032349  
0.4077399282  
-0.0546987243  
-0.2108219024  
-0.01262495923  
0.256484118  
