0.3850221439  
0.448148099  
0.2262498687  
0.5291765005  
1.002468726  
0.3869481394  
0.4089415364  
-0.6402777366  
0.5051149583  
0.5617427458  
-0.1570624625  
0.04343382739  
0.226578424  
0.2912238766  
0.2203424502  
0.2813448196  
0.4756084187  
-0.2878560467  
-0.3357888822  
-0.5655170818  
0.140904424  
0.1291901407  
-0.02859324074  
-0.08493866162  
1.406013934  
0.3615868092  
0.0247195646  
0.1610055795  
0.5104461044  
-0.2956268716  
-0.455819165  
-0.4049825735  
0.4421393243  
0.4503604997  
0.7829562593  
0.3686040143  
0.1101978496  
0.01238973736  
0.4545156296  
-0.01114320027  
-0.1728593268  
-0.236339858  
0.1109139969  
0.3498934052  
0.1320461777  
-0.1379014841  
-0.01439584295  
0.2080499017  
0.9225627279  
0.3910224455  
-0.1967017907  
-0.1269633042  
0.02396440917  
0.7567704573  
1.076734047  
0.6447222411  
1.299922236  
0.3791547294  
0.1031038525  
-0.07420944837  
-0.4031148475  
-0.1259943253  
-0.3313109191  
-0.1778383703  
0.1793911293  
-0.3973106913  
0.06166081782  
0.6381814575  
0.3939077716  
0.1953198932  
-0.05256840759  
0.0939550795  
