0.3680021694  
0.6207839964  
0.3079358889  
0.4038196356  
0.04824480277  
-0.09517580801  
0.4981572593  
-1.035887249  
0.6273089467  
0.7220161763  
-0.231105317  
0.0737477689  
-0.03170547741  
0.1721812209  
0.2365046215  
0.4863272964  
0.04793811217  
-0.3099129583  
-0.3656569871  
-0.2025698353  
0.3854895734  
0.06612959916  
-0.3009063804  
0.3047534561  
-0.1754537795  
-0.004851239458  
-0.2371671037  
-0.2655768475  
0.1262355724  
0.8720945703  
1.178536307  
0.2948317383  
-0.133617267  
-0.251217174  
-0.9150171532  
-0.6056508932  
-0.5860863793  
-0.3389016043  
0.240531299  
0.3953551061  
0.09412689536  
-0.3355520404  
0.2216362394  
-0.1253786664  
-1.014961777  
-0.7162127355  
0.2125053869  
1.272622438  
0.02753690297  
-0.6839459817  
-1.321078817  
-0.5758293281  
0.1176530818  
0.3358069893  
0.210402094  
0.4741810365  
-0.5994652015  
-0.7425093134  
-0.7121618973  
-0.09054389861  
0.4904059545  
0.307649355  
0.4421889928  
0.8095963647  
0.1019316718  
-0.1731514778  
-0.185674985  
0.7163542456  
0.3682787703  
-0.0161591981  
-0.5923623524  
-0.06392497471  
