0.2500578675  
0.8025530706  
-0.144267881  
-0.4487658038  
-0.515960939  
-0.4891141889  
-0.2522105724  
-0.7440314882  
-0.1521394387  
-0.05406679095  
-0.1973912954  
-0.1929421913  
0.2787619047  
0.4417422526  
-0.271897133  
-0.4203885018  
0.1559547792  
-0.08835755916  
-0.5354749394  
-0.1165972465  
0.04319460435  
0.1851158656  
-0.3306652556  
-0.4282038028  
-0.5761649399  
-0.5036981754  
-0.6174371272  
-0.3365253641  
-0.03370034925  
0.4423406631  
0.01644215066  
-0.03005328598  
-1.119409692  
-0.6063400914  
-0.2898680491  
-0.2116460702  
0.07889929947  
0.2801439036  
0.1887948744  
0.03010912646  
0.06025602426  
-0.1317050144  
-0.1767385708  
-0.6823459464  
-0.7432993374  
-0.322873034  
-0.3776519238  
-0.3662243596  
-0.6436507292  
-0.6319030817  
0.9195235537  
0.1152398328  
-0.7946265554  
-0.2742905217  
-0.108345597  
0.3150118071  
-0.2915154859  
-0.06274513136  
-0.4395886104  
0.01066184338  
-0.4592098238  
-1.094127181  
-0.4448836452  
0.3880192612  
-0.2817582293  
0.9396193725  
0.6666561928  
-0.3587824463  
-0.2980876484  
-0.1141137152  
-0.4576931247  
-0.4270173982  
