-0.3137098973  
-0.5171027934  
-0.7608239298  
-0.8172388571  
-0.7539567259  
-0.1990542689  
-0.009849432047  
0.3234721697  
-0.4079882771  
-0.09439031956  
-0.254883218  
0.6537293476  
0.1799878058  
-0.2509738796  
-0.5587527885  
-0.8324826261  
-1.005844773  
-0.5304259701  
-0.3035584461  
0.07546680655  
-0.06514199019  
0.1783161336  
-0.2442138093  
-0.03643241657  
-0.1468711809  
0.2484438251  
0.01024597726  
0.4003946679  
0.5869143358  
0.4157075465  
-0.18864428  
-1.369639629  
-0.5075771789  
-0.4270744414  
-0.6851100294  
-0.4784820448  
-0.06841547866  
-0.05469023005  
0.4213401103  
-0.238942671  
-0.2684744063  
0.6018501154  
0.6115526065  
0.01663133399  
-0.2111561432  
0.1666895739  
0.2131712312  
-0.7803817164  
0.266061407  
0.03310971354  
-0.1610860566  
0.5818025911  
0.5689434077  
0.7588197899  
-0.2678558919  
-0.6769449279  
-1.005768396  
-0.3702593055  
-0.205186583  
-0.2120840832  
-0.08592592611  
-0.07257518849  
-0.1187775931  
0.05775249122  
0.02076461715  
-0.03499005568  
0.0882663855  
0.3809996922  
0.8553744717  
0.499607534  
0.152198157  
-1.323079293  
