0.09303713482  
-0.1868334091  
-0.3544253405  
-0.03904072078  
0.07227434588  
-0.2390934082  
-0.1011833639  
0.1445824034  
-0.3404999203  
0.4687022637  
0.9326220455  
0.2131488143  
-0.6780869663  
-0.3562474414  
0.4093042214  
0.001676459061  
0.238974345  
0.06357622774  
-0.6054424567  
0.1565436034  
0.6898592122  
-0.3078750669  
-0.9130112074  
0.4795396065  
-0.07750247811  
-0.7775256571  
-0.7274635436  
-0.9584126112  
-0.2854859143  
0.3216619844  
0.876342815  
0.7507094119  
-0.4239368413  
-0.5673110234  
0.11405987  
0.2561668248  
-0.2382747554  
0.06286029459  
0.3048323607  
0.01666125949  
0.8071134337  
0.9480190497  
0.3488895546  
-0.3635667335  
-0.5939504528  
-0.4301333357  
-0.5598513798  
-0.2284213924  
-0.1425440535  
0.1727851951  
0.4376794806  
0.1101324848  
0.02246934921  
-0.3641359869  
-0.3667365916  
-0.05364277331  
-0.4337545613  
0.2945074274  
0.2041083733  
0.5537049088  
0.4918288675  
-0.002423846212  
-0.2590902848  
0.05930624432  
-0.2035223614  
0.1814376249  
0.8205756861  
0.586907713  
0.3269227775  
0.04483904415  
-0.1874226387  
-0.7008841664  
