-0.137480246  
0.4556547934  
0.3571032544  
0.2452531787  
0.6286779198  
0.5748755771  
0.8874779463  
0.6226976338  
-0.00891794243  
0.3633175126  
0.4200603664  
0.1943090719  
0.4148222215  
0.2816461607  
0.2057389095  
-0.3216473642  
1.545158811  
0.8661693407  
0.3062703636  
0.6152882146  
0.2575412381  
0.1401972415  
0.1228354623  
-0.1143504105  
0.9816779212  
0.739904192  
0.5030852218  
0.4713406355  
0.2076106206  
0.1274731228  
0.5693334491  
0.4037410761  
0.6528520335  
0.3866347175  
0.1497613169  
0.2283376016  
0.359332216  
0.2178104869  
0.1753289946  
-0.231126453  
1.204045872  
0.5517759655  
0.1873718464  
-0.2081900638  
0.3076987124  
0.6361869113  
0.4948634243  
-0.1562095765  
0.7263156425  
0.217777187  
0.8374067686  
0.04971127877  
-0.311566187  
0.2307733966  
0.5268381988  
0.1824866094  
1.121862659  
0.7358618608  
0.5748080951  
-0.1127202372  
-0.1126834553  
-0.06524787398  
0.4327788772  
0.4737627716  
0.6081408229  
0.2899356695  
-0.01438457149  
0.1542265271  
0.6833090593  
0.3268736079  
0.1806527424  
0.2206744371  
