0.1248173602  
-0.8980106782  
-0.01534979634  
0.1139193809  
-0.2104549382  
0.01183405283  
0.6076386547  
-0.1669584952  
0.4004966766  
-0.3160766884  
-0.09536774457  
0.815191683  
0.03526556982  
-0.7923801  
-1.637591628  
-0.4583590207  
0.490527724  
0.1987417425  
0.5266118443  
-0.1921901423  
-0.2820530179  
0.4732687555  
0.09592497133  
0.2320289975  
0.1313663978  
-0.2896637442  
-0.7175467971  
-0.453341466  
0.2341877112  
0.6926106207  
0.6102957278  
-0.188484818  
0.4912874067  
-0.2430458977  
-0.3052455543  
-0.3088151662  
-0.6416539179  
0.173576715  
0.5767074902  
0.8925999789  
-0.05320319749  
0.2814522161  
0.1212990264  
0.200298845  
-0.3173801597  
0.3745351422  
1.081838184  
0.5449615348  
-0.3805906518  
-0.9166786216  
-0.3209151022  
0.06939255174  
0.1845070251  
0.1870496791  
0.09470426311  
0.1673189606  
0.1854861534  
-0.5822781019  
-0.3264980661  
0.5881692912  
0.3279526044  
-0.1848839706  
-0.359932153  
0.6519420833  
0.6961350478  
-1.013817916  
-0.7633969549  
0.1235382965  
0.721854456  
0.9234447628  
0.5658679107  
-0.5516988408  
