0.120275865  
0.5440949767  
0.3969771811  
0.1959250093  
0.004380928549  
0.4669464101  
0.6306927066  
0.4323925286  
0.01367240024  
-0.2508592708  
-0.4086291586  
0.003984133664  
0.4238870174  
-0.2041753204  
-0.6198863344  
-0.4190296966  
1.210516689  
1.032609849  
0.9059547504  
1.160084557  
0.4903726439  
-0.2088978952  
-0.6242865021  
-0.1097057562  
-0.3864316947  
-0.1612282441  
0.3510671535  
0.2175158978  
0.3147008851  
0.1069663895  
0.5717540505  
0.5496551595  
-0.4183212007  
0.1198504414  
-0.3860820997  
-0.6679541437  
-0.3493984207  
0.4369419866  
1.088074173  
0.9545812481  
0.02351149123  
-0.2657773277  
0.4721270655  
0.4237181009  
-0.04928884832  
-0.479234519  
-0.9350644187  
-0.1981414305  
0.2151140995  
0.2664481866  
0.06164532761  
-0.7421137908  
-0.3178076146  
0.6963491381  
0.7961182437  
0.4218167554  
0.07677446396  
0.1688783962  
-0.1133180925  
-0.5278209474  
0.3858434237  
-0.09792542556  
-0.8897376931  
-0.4450041997  
0.1270598952  
0.01706929745  
0.05218390447  
0.1194852967  
-0.4773310151  
0.01920793672  
0.5841002125  
0.05985941443  
