0.6238205434  
1.244313405  
0.8898329168  
0.5285925051  
0.462850253  
0.169906484  
0.05344767692  
-0.002973267318  
0.6486449218  
0.4590378708  
0.2821626593  
0.01609611913  
0.3772412992  
-0.03635434473  
0.2151685625  
0.7801609207  
1.092906378  
0.9440326038  
-0.2901408414  
-0.5056537675  
-0.3006943641  
0.01439716  
-0.2685754762  
0.6883176157  
0.9317223838  
0.5144253559  
0.9995563022  
0.4598939599  
0.4728134447  
0.7648747857  
0.3394582475  
0.02430720157  
-0.3935325666  
0.3864725753  
0.6815423346  
-0.009911783432  
-0.1030678753  
0.2659149262  
1.216194204  
0.4925241467  
0.08521191093  
0.09623263227  
-0.9039847866  
-0.1999816283  
0.5627962809  
0.7291050669  
1.43615829  
0.9750905621  
0.2839645916  
-0.35674191  
0.3664846918  
-0.2491856833  
-0.3931432103  
0.2166840623  
0.6895698465  
-0.7046573241  
1.845093031  
0.3644198446  
0.3819513107  
0.7912005249  
-0.04172860498  
-0.446341512  
-0.567731102  
0.6571232982  
0.9515599255  
0.1356499026  
0.1158141917  
-0.4558851795  
-0.1976247947  
0.6649279155  
0.5890519172  
0.3987021864  
