-0.5360408884  
-0.04995370382  
0.2353115919  
0.3772561834  
0.5750479712  
0.3010124064  
-0.4020258536  
-0.5610294467  
0.1667317523  
0.06167226481  
0.5356091997  
0.05823667269  
-0.4838507856  
-0.2100182776  
-0.5011139536  
0.1549569358  
0.02621916865  
-0.5547778362  
-0.2457847227  
0.2812500965  
0.1774279988  
0.1764669975  
1.102496132  
-0.05531173062  
-0.1049430527  
-0.7728585224  
-0.9169995848  
-0.7269290337  
-0.3027642839  
0.7531778608  
0.3340065981  
-0.140110816  
-1.216566957  
-0.5127736036  
-0.1882006848  
-0.6256566622  
0.6286459526  
0.5683702975  
0.003021394344  
-0.05176838134  
0.3029844161  
-0.5812263381  
-0.4088003949  
-0.541487295  
-0.4995467012  
-0.1115314666  
0.7587092817  
0.9728293972  
-1.027678032  
-1.064285522  
-0.9646613908  
-0.4945568562  
1.553567259  
1.00540814  
0.061946465  
0.3251291864  
-0.813204821  
0.2862997597  
0.5967351383  
0.1765888873  
0.3181590077  
0.3268791194  
0.09983028932  
0.2746486491  
-0.3574228612  
0.2905742704  
1.036581166  
1.590687879  
0.1164800027  
-0.9317492733  
-1.250865982  
-0.7485651027  
