0.8572816551  
0.5419086596  
0.4271275317  
-0.07166745337  
-0.05025550743  
0.2958812367  
-0.3693455528  
-0.5426231719  
-0.8656211894  
-0.7485369483  
0.26127206  
0.4816871329  
0.165624055  
0.4914556206  
0.4780075914  
-0.1381214222  
0.7986970901  
-0.1502202624  
-0.401786965  
-0.1598233592  
-0.06908847352  
0.4393571579  
0.8768354933  
-0.5120034265  
0.7357840852  
0.3375354937  
-0.3964957791  
0.04995835837  
-0.04687217897  
-0.4027404126  
0.1787710096  
-0.09489636319  
0.5733853306  
0.7778005988  
1.380332561  
0.4716936836  
0.1220208246  
-0.007706636661  
0.285997075  
0.3433145613  
0.1648885514  
-0.3462486138  
-0.1923477071  
-0.5009865425  
-0.3895097516  
0.4035539356  
1.153102018  
0.3515554114  
0.422960487  
0.09508333865  
-1.196033043  
-0.3492264222  
0.2914007049  
0.4499409379  
-0.3628059814  
-0.2920380215  
0.8247690381  
0.4086112602  
0.5486980477  
0.4919882799  
0.06395303191  
0.8906102353  
0.3283198209  
-0.6922214813  
0.4931126253  
-0.04407152259  
-0.7886245172  
-0.3332690589  
0.26405682  
0.3373622645  
0.3994906096  
0.4369022507  
