0.3719273424  
-0.5270180198  
-0.1688663526  
0.03797451368  
0.007668690658  
0.5583213666  
0.4711706702  
0.4183753868  
-0.06835605773  
-0.4409659961  
-0.2800864357  
-0.2925947571  
-0.7705403555  
-0.2582123903  
-0.1856136735  
-0.388301532  
0.2339918769  
0.5383661412  
0.150245776  
0.657254012  
0.3421501027  
0.2175364071  
0.1562400649  
0.1093323139  
-0.004767214242  
0.6811627632  
0.3385661695  
0.2097293325  
0.1210624364  
-0.7108878906  
-0.7646202205  
0.8951217473  
-0.4414482816  
-0.2936526054  
-0.54639069  
0.1681394715  
-0.04943861793  
-0.3138140483  
-0.1922069092  
-0.22764905  
0.1519621065  
0.4386752275  
0.9664014492  
0.4772309997  
0.03605737964  
-0.289019386  
0.02719043734  
0.5608913087  
-0.1990555783  
-0.02980780494  
-0.2293256058  
-0.3873566652  
-0.138098224  
0.05884477035  
-0.0009965065279  
-0.04341026572  
0.3569576677  
-0.4540217927  
-0.4651497661  
-0.03704698997  
0.1707314167  
0.3716253663  
0.2730912112  
-0.03375100835  
0.3704633319  
0.2471244445  
-0.04715080108  
0.2265491475  
0.5922636493  
0.2465675947  
0.05102620847  
-0.2787478639  
