1.673000446  
-0.1680760002  
0.1150196937  
0.906063629  
0.3623608645  
0.2168795225  
0.1301495532  
0.1631743059  
1.950494995  
1.050967386  
0.5409354957  
0.7900758229  
0.3189711298  
0.6329278258  
0.9191715486  
0.4330248934  
1.290134621  
1.328948401  
1.251465779  
0.2665886298  
-0.3115715776  
-0.5829375593  
-0.4535976029  
0.1440963826  
0.7548604996  
0.6773354662  
1.001533471  
2.157646327  
2.270080525  
0.684902262  
-0.08248174179  
-0.09631663218  
1.09995399  
0.6701906716  
0.4832682896  
0.5271365489  
0.6433341653  
0.147808299  
0.1413501673  
0.114315835  
0.8868499268  
1.190192858  
1.435661903  
1.124736453  
1.085354626  
0.06860797675  
0.1836465287  
0.9853996488  
0.2520695094  
0.4524027664  
0.6884222447  
0.3961200665  
0.02925981458  
0.3883260456  
0.4495555941  
0.7772621533  
1.913616965  
0.9923049786  
0.09194489099  
0.2495647794  
0.3750333885  
0.5818064982  
0.4284203186  
0.3493938458  
1.070240684  
0.8915491216  
0.557666686  
0.5273364882  
0.3525889742  
0.195946474  
0.8219942433  
0.8684203047  
