-0.357005884  
-0.6782245354  
-0.3177674161  
-0.07112942263  
0.4115700135  
0.511736375  
0.1592926636  
-0.1456374935  
-0.03870261257  
0.2336032687  
0.1797739005  
-0.8755452382  
-0.4741176179  
0.15276083  
0.1246372172  
-0.4797724281  
-0.5856990073  
0.04823665752  
-0.154158382  
0.1501730477  
0.1974368197  
0.2403000342  
0.06833230329  
0.0948136073  
0.4246052884  
0.8929439446  
-0.5921254819  
-0.7713724261  
-0.2472066389  
-0.05982560762  
-0.5080369404  
1.012285469  
-0.9155365873  
-1.332143624  
-1.257227853  
-0.1778391364  
-0.05400313153  
-0.009347179659  
-0.08199472647  
0.03603396173  
-0.1399473411  
-0.147662882  
-0.168980302  
-0.04436594777  
0.5729097227  
0.5041393161  
-0.2165846944  
-0.5430248832  
-0.1458342006  
-0.2518257863  
0.4663397262  
0.1119857938  
0.07346747522  
0.2246733757  
0.5614430236  
0.2707793952  
-1.238722724  
-1.35642707  
-0.8093577521  
0.05536262818  
1.115835398  
0.6830724858  
-0.2330368155  
-0.2745705096  
0.07163971859  
0.000321819398  
0.6398512023  
-0.1443074636  
0.1244079735  
0.430184302  
-0.3066830964  
-0.8670815896  
