0.08641305919  
-0.003008592678  
-0.009464114855  
0.7304823508  
-0.104739141  
-0.441989993  
0.0725908748  
0.3409724986  
-0.03089640816  
-0.2942261877  
-0.1377604852  
0.006768061142  
0.1828710052  
0.093038527  
-0.3299003523  
-0.3079334038  
-0.05761074115  
0.2415944715  
-0.07991856239  
-0.443987341  
-0.2115967357  
0.4226208287  
0.6965435635  
0.6463182869  
-0.03082929022  
-0.2452508688  
0.06977335889  
0.1784652988  
-0.1106439139  
-0.03160209924  
0.3559909207  
0.1435381078  
-0.8770190286  
-0.5231131864  
-0.5674655296  
-1.003140199  
-0.1762978678  
0.7715040971  
0.5130090907  
0.1802608638  
0.3363915145  
-0.9351284049  
-0.7346520793  
-0.3789624747  
-0.19378588  
0.2319944515  
0.5784967386  
0.4251534418  
0.3098546432  
-0.2232327763  
-0.6160405117  
0.0846096215  
0.8181915415  
0.6117262478  
-0.4484212987  
-0.4871685321  
-0.2952759744  
0.4830225959  
0.2231453914  
0.3714771834  
0.3222107651  
0.7986133099  
-0.4821184068  
-0.4775600906  
-0.7228828727  
-0.03305700441  
0.5609390991  
1.261505896  
0.4552370517  
-0.6662706865  
-0.3679608982  
0.1473660335  
