0.7241069271  
1.060666811  
1.113208556  
1.203159513  
0.6449438432  
0.5339206844  
0.6955138282  
0.5834724378  
1.057190914  
1.205709473  
0.9762915154  
0.4022941161  
0.06373524481  
0.4130165798  
-0.3813099057  
-0.519994931  
1.353940019  
1.382950589  
1.225381026  
1.325833399  
0.4322618491  
0.377286422  
0.5096787888  
0.7214294016  
1.364054922  
0.5434095824  
0.4530043633  
0.8686935823  
0.6943508354  
0.4011969539  
0.3260558422  
-0.005374111235  
0.6549925087  
1.024193322  
0.3136263334  
-0.5889700852  
0.3363904477  
0.829756801  
0.5698572076  
1.00276736  
1.105891926  
0.03132156913  
0.01044048965  
0.8115117223  
0.5941528612  
-0.4270106161  
0.2975828331  
0.9678036046  
1.143543386  
0.6447582699  
0.8351392221  
0.3506750326  
0.3879407985  
0.1547221246  
0.5929525764  
-0.2783727068  
2.121429592  
1.739863402  
0.3268517942  
0.3621664126  
-0.2700484758  
0.02635656883  
0.2509032452  
-0.0595134602  
1.099944103  
0.291023438  
0.3163736128  
0.7138894614  
0.801767723  
0.7200138054  
0.5171773994  
0.3813165746  
