-0.1254478387  
-0.07931673586  
-0.007248369928  
0.2478876839  
-0.2344276135  
-0.3075212277  
-0.5160653756  
-0.1043135387  
0.3327188286  
-0.4396716401  
-0.3638703484  
-0.08421643349  
0.09238877883  
-0.1020909649  
0.1742077581  
-0.2768694777  
-0.2564834619  
-0.2849622025  
0.01778002379  
0.06420067105  
-0.1946571454  
-0.215939532  
-0.5331845805  
-0.6549823587  
0.1185068511  
-0.2661520643  
-0.6419410671  
-0.2053569801  
0.4812234503  
0.9792341833  
0.1685055362  
-0.5565848317  
-0.08536588724  
-0.5446028527  
-0.3260053665  
-0.8224374966  
-0.4457195697  
-0.7640104453  
-0.1356107702  
0.9536828435  
-0.3304415614  
-0.56405791  
-0.397452756  
-0.5352303096  
-0.4001124045  
-0.07374614369  
0.1440442366  
0.2269270257  
0.579130059  
0.9252232881  
0.2002977103  
-0.7869549444  
-0.7597863732  
-0.6240910795  
-0.8178614226  
-0.4703694997  
-0.09720857598  
0.144554166  
0.3221777602  
0.09465867104  
-0.1340016915  
-0.06374945707  
-0.1528184377  
-0.02025123757  
-0.6132290785  
-0.2495170479  
-0.1003936137  
0.4316431905  
0.03236186338  
-0.2879988143  
-0.1618460937  
0.244983351  
