-0.05885140206  
-0.4235647578  
0.09565175305  
-0.287307922  
-0.1826318622  
0.3161215986  
0.2530524793  
0.7123389201  
0.0186602012  
1.007126851  
1.275522928  
0.5048640539  
0.07630540627  
-0.295909761  
-0.214289337  
-0.3763718354  
0.4809272891  
0.8224034121  
0.4299702182  
0.04226896917  
0.546712048  
0.8063158863  
-0.1992538909  
-0.19095401  
0.1508454845  
0.5246875819  
0.2631482541  
-0.4233614908  
-0.4223920385  
-0.1358165223  
-0.5319147671  
0.01234096524  
1.172400607  
0.4172268647  
0.1563058729  
0.1674146762  
0.1463388754  
-0.4069965169  
0.02895360715  
0.6974489705  
0.2795722022  
-0.1708300953  
-0.1143922165  
-0.350516376  
-0.1554290039  
0.6787005083  
0.2484803427  
-0.5616320755  
1.142009154  
1.167924252  
0.8788061956  
0.6245360372  
-0.3375035951  
1.069253446  
0.9204714451  
-0.3329817339  
0.2358215067  
0.578426251  
0.07452024343  
0.2028469033  
0.7260166652  
0.4591399506  
-0.278751953  
-0.405265406  
0.3484240994  
0.7617774229  
1.167050004  
0.7221154308  
0.2801394018  
0.225242712  
-0.2229207354  
-0.814846547  
