-0.01887856468  
0.3546372436  
0.0693846443  
-0.2043604418  
0.1810531517  
0.2405753296  
0.02889801876  
-0.4862717163  
0.01217267074  
0.490732972  
0.6223300029  
0.2096125248  
0.5160325938  
0.1555762793  
-0.3934501058  
-0.5229388424  
-0.03180135568  
-0.2634560362  
0.07337252943  
0.1822029631  
0.2724110727  
-0.07688303625  
-0.1883716105  
0.3417329139  
-0.1444078156  
-0.4332228736  
-0.3204404231  
0.3251980643  
0.2727305826  
0.2555169534  
0.1939963208  
0.05934718396  
0.1882818494  
0.04556521577  
0.253451992  
-0.0567634836  
-0.3662713846  
0.3017163971  
-0.2607532144  
-0.6346384751  
0.4113791883  
0.1829587802  
-0.06001834493  
-0.6156035997  
-0.0612372309  
-0.2188480116  
0.1717977759  
-0.2721667333  
0.05648537686  
0.7818780659  
0.2139685485  
0.05392791958  
0.08157121868  
-0.1604243299  
-0.2124922401  
-0.09349273719  
-0.2308506327  
-0.1197626057  
0.5474191033  
-0.2055638921  
-0.4720600599  
0.0299420945  
0.03088883938  
0.2172656037  
-0.03273139667  
-0.4897048656  
-0.1457284148  
-0.09026155503  
-0.1836956175  
0.2378855606  
0.3001213807  
0.01786129902  
