0.1453323735  
0.3454958793  
0.270703384  
0.2201657926  
0.1833984399  
-0.1962493163  
-0.08066163652  
0.370945098  
0.2849927816  
0.3426391462  
0.5439141168  
0.434818642  
0.4225006605  
0.02868134209  
-0.2000239346  
0.2379576546  
0.3879093859  
-0.1455111305  
-0.3819209889  
-0.4059794118  
0.007638830051  
0.6183063742  
0.7318002962  
0.4020800911  
0.3083198966  
0.08644312124  
-0.178656445  
0.2167278661  
-0.1044311569  
0.115137526  
-0.02276182449  
0.1095678551  
-0.002268105027  
0.2861827723  
0.6468368055  
0.3035729885  
0.04484932318  
0.3113688756  
0.3826253798  
-0.03618769142  
1.154882252  
1.284202236  
0.6842042426  
0.1123574061  
0.2412674759  
-0.2918187162  
-0.1573063089  
-0.3604502985  
0.6439105272  
0.5226194068  
0.5115182522  
0.4690872329  
0.5818728391  
0.4080897278  
0.1977286422  
0.1286478116  
1.055168539  
0.8064891524  
0.1827874781  
0.1499226253  
0.07342815517  
-0.005821375914  
-0.07156567735  
-0.0776284759  
0.5994293426  
1.064270419  
1.37166135  
0.5992505199  
0.4106393071  
0.1589190337  
-0.2463241483  
0.02597519441  
