0.2168922164  
-0.03149571804  
-0.2509621759  
-0.04462685745  
-0.1319016684  
-0.1135216068  
0.04611903811  
0.09141464497  
-0.1349345597  
-0.06149964613  
0.1301586004  
-0.5509409535  
0.01343223413  
-0.3707287499  
-0.09122633522  
0.009982228769  
0.4515162564  
0.2114151565  
0.0005109879237  
0.1839592163  
0.2623833934  
0.365438353  
0.2841198515  
0.5967935624  
-0.2058096565  
-0.1047711324  
-0.1094798459  
-0.1138089343  
0.006672322946  
0.06045124969  
-0.3008437587  
-0.6681372161  
0.5961042567  
0.01889157854  
0.1375054121  
-0.1853916488  
-0.252826763  
0.8558725223  
0.5028720858  
0.5084028078  
0.1457452433  
-0.1880592802  
-0.1885752301  
-0.4324347472  
0.08437326727  
0.1645096723  
0.1378920514  
-0.4060802766  
0.1721534499  
0.1982340075  
-0.4140584077  
-0.1880583679  
0.04777551071  
0.7045562201  
-0.08037390207  
-0.008183889122  
0.3846378024  
0.3765802671  
0.3807116055  
0.06569080153  
0.1832031059  
0.1178957164  
-0.1720080125  
-0.06525831415  
-0.05321903136  
-0.1888453812  
-0.2815208403  
0.08300174096  
0.6194535015  
0.7602195847  
0.143553671  
0.08053416617  
