0.1583759924  
0.2904132058  
-0.3307043889  
-0.2084174376  
-0.4581747513  
-0.6725865117  
-0.07374358118  
0.2937064372  
0.1734836839  
0.03130290589  
0.4193493053  
-0.09349243534  
-0.2488946452  
-0.2311085282  
-0.4097017444  
-0.2107194386  
0.1601533354  
-0.2385291669  
-0.4787885558  
-0.5779315234  
0.5186586613  
0.212736359  
-0.06751362778  
-0.52715467  
-0.2504941013  
0.666339942  
0.6750922267  
0.1654786215  
0.3232695309  
0.2122280081  
-0.259280941  
-0.2543327319  
0.03644967609  
0.297571103  
-0.5239799816  
-0.7487311508  
-0.1703556229  
-0.1358181325  
-0.0009380008437  
0.3009982932  
0.3683188056  
0.09630884661  
0.08262699664  
-0.4893288851  
-0.5529685193  
0.007829304  
0.5521053785  
0.3167142795  
-1.845303356  
0.1834291654  
0.7470774297  
0.5846396706  
0.5624058555  
0.3529422108  
0.6193949417  
0.4440920356  
-0.6902300306  
-0.3085357644  
0.09614671725  
0.02040139338  
-0.1962021448  
-0.05735359664  
-0.02344395269  
0.02668624183  
0.8899721263  
0.7488272112  
-0.2894512646  
-0.1261222988  
-0.8124670116  
-0.7576182857  
-0.1749329793  
-0.3760531912  
