0.1380417753  
0.2824969178  
0.5410512215  
0.08691854089  
-0.5776597575  
-0.1493415739  
-0.353804986  
-0.07047742752  
-0.5257636811  
-0.2607946155  
0.2506502075  
-0.2783071313  
-0.0277469664  
0.2011041326  
-0.3884330329  
0.2520090726  
0.06613106692  
0.4638727566  
0.2315730864  
-0.2440450385  
-0.4627374764  
0.148537695  
0.4899981673  
-0.05541557505  
0.2878633532  
0.1549539011  
-0.1538431391  
-0.2302461308  
-0.02259024193  
0.02684746384  
0.03446560765  
0.151937633  
0.04628295255  
-0.3533233224  
-0.2502354729  
-0.2617727495  
0.2030382341  
0.2621738157  
0.4431705326  
0.3045938415  
0.07636422831  
0.06372070665  
0.223004596  
-0.1675664354  
-0.2915328143  
-0.1840504988  
0.2490928214  
0.05962109938  
-0.2930249431  
0.2616543048  
0.2051961438  
-0.0658178553  
0.4496867517  
0.6504648179  
0.08108474932  
-0.2861984864  
0.7100249805  
0.3257201851  
-0.06866229678  
-0.2040883679  
0.02301662298  
-0.04304613242  
-0.05855332462  
-0.08765474834  
-0.5127909131  
-0.02074203758  
0.3035269748  
0.1196574812  
0.2989796766  
0.0657939856  
0.1303053019  
-0.1857779446  
