-0.01842644801  
-0.4624566889  
-0.6329435239  
-0.6967703282  
-0.2712195809  
-0.7527832153  
0.2970140906  
0.425871406  
-0.4830876316  
0.5762811607  
0.2261420037  
0.2802975182  
-0.07190746451  
0.1366791883  
1.071005782  
0.04108540719  
-0.7101663511  
-0.8248129803  
-0.1946117099  
-0.2789733815  
-0.07251862682  
-0.7170100273  
-1.641519019  
-0.9110761085  
-0.3763950593  
-0.2841573918  
-0.1792161655  
0.3569780513  
0.1102707535  
0.003460382834  
0.1885329383  
0.261787156  
-0.9700385787  
-0.8222031342  
-0.1021069296  
0.09503324173  
-0.07273072691  
0.5982179308  
-0.7279972754  
-0.3621235627  
0.105638122  
-0.5362298813  
-0.470112963  
-0.4662186576  
-0.2450918469  
-0.1269923483  
0.007929601535  
-0.6501158367  
-0.1578748879  
-0.7257808748  
-0.3786427228  
0.1811067349  
0.4768393219  
0.1582965192  
-0.5713225047  
-0.06969750594  
-1.312679939  
-1.070355762  
0.4396988219  
-0.1155097879  
0.03700200924  
0.727687966  
0.3023460724  
-0.09681530346  
-0.4079398787  
0.1150465205  
0.01825729807  
-0.3276362982  
-0.556667255  
-0.7901665188  
-0.4573016301  
0.1635636459  
