0.8328480124  
0.3214437424  
0.1507388164  
0.5537426498  
0.1616609308  
0.2569155271  
0.5082097391  
0.3111333829  
0.3406976963  
-0.2855210926  
0.6473212917  
0.6281270043  
0.3941778382  
0.8375251982  
0.9834935924  
0.6819617964  
-0.158441764  
-0.4513074049  
0.52587906  
1.159285103  
0.5342004495  
0.2681313651  
0.5959808168  
-0.2394345281  
1.269401796  
0.497256107  
0.05271633577  
0.1807700505  
0.6613646164  
0.7241953721  
1.10542996  
0.6274105877  
0.4260283179  
0.2071040724  
0.3692539902  
0.8813457612  
1.417180648  
0.0316862911  
0.1888323613  
0.3663267924  
0.1796890652  
-0.2485582835  
-0.5857344074  
-0.2740318595  
0.4956910398  
1.433199129  
1.136199695  
0.9372025362  
-0.3868033415  
0.3143249491  
-0.3153509294  
0.03512560299  
1.420866905  
1.006306595  
0.7031425604  
0.5582483448  
0.6830685509  
0.09440155229  
-0.4753083497  
0.2602270947  
0.8700164251  
1.09744247  
0.6636100976  
0.2894134819  
0.3918974976  
-0.2765824779  
-0.1494318727  
-0.2184813483  
0.2067687389  
0.7835484002  
1.271217933  
0.749852855  
