0.2145952287  
0.1221139541  
0.2618847407  
0.2356703344  
-0.05565149376  
0.01735742417  
-0.02382583861  
0.04953987965  
0.08269979633  
0.2577503768  
0.663970678  
0.1528077853  
-0.02099569142  
0.1920446248  
0.2465726622  
0.4005866174  
-0.02506326139  
0.07912940454  
-0.1147771253  
-0.2227181312  
0.2769515516  
0.4003133831  
0.4693183044  
0.07493505323  
0.5342537551  
0.4101883815  
-0.2405879023  
0.007980774904  
0.465099792  
0.4278230031  
-0.0973593462  
-0.3144488752  
0.06259821765  
-0.3603730787  
0.2315481102  
0.6562856755  
0.08366324723  
0.4698060542  
0.8612861947  
0.4562365299  
-0.3916496316  
-0.5957255661  
-0.3549308674  
0.06462767794  
0.1659382111  
0.4338985443  
0.6766197198  
0.7171944162  
-0.3052098284  
-0.3454479274  
0.07543129003  
0.1650049461  
0.3569483301  
0.1095057028  
0.06546625995  
-0.4545131363  
0.7241608251  
0.743238487  
0.2599360788  
0.07230963627  
0.4941090364  
0.4476164712  
0.3006727018  
0.08043074289  
-0.7092365311  
0.1296731508  
-0.06869998128  
-0.192117003  
0.184855558  
0.3967170149  
0.8558398334  
-0.08092461711  
