-0.01504357029  
-0.3837363113  
-0.4951889585  
-0.06153178526  
0.3944751795  
0.4188932757  
0.216221363  
0.315960474  
-0.05869584777  
0.3011033158  
-0.03063861346  
-0.7390007636  
-0.1666697941  
0.2011791038  
0.0200263386  
-0.361028184  
0.02122413311  
-0.2680628516  
0.3020944929  
0.5708734569  
0.3534406004  
-0.09495066292  
-0.2198039385  
0.2450993557  
-0.07307274063  
-0.1216102105  
-0.03528802602  
0.1467258054  
0.196353106  
0.7511399048  
0.8777206222  
0.5082827779  
-0.476374286  
-0.7739553629  
-0.3716940774  
-0.1045176066  
0.2966329323  
0.5385097746  
0.4768113182  
0.1025166906  
-0.1986461857  
-0.3010145244  
-0.6570580729  
-0.3770130042  
-0.1740696385  
0.0006167481285  
0.7270524677  
0.9175360573  
0.4433162051  
0.146189357  
-0.0820170456  
-0.02287130703  
-0.2983822571  
0.5174522675  
0.6116977708  
0.4303236034  
-0.5256585066  
-0.539414024  
-0.3151520878  
-0.1156263825  
-0.184920144  
0.2665690787  
0.268492503  
-0.03750205687  
0.1987604392  
0.5090211167  
0.6122644435  
0.2011260187  
-0.07446572835  
-0.2343870554  
-0.5726091992  
-0.4317854117  
