0.4872976609  
0.0826117752  
0.5079054328  
0.7509117492  
0.4151485753  
0.09256541239  
-0.2569019661  
-0.1517086873  
-0.01970063991  
-0.1266856518  
0.004472161624  
0.2957911204  
0.4627577451  
0.1996461401  
0.4493076269  
0.4842266579  
0.2199432323  
-0.1356276183  
0.1133980383  
0.03406155988  
0.3565159761  
0.3887592057  
0.1253742383  
-0.1952439971  
0.575148131  
0.4085054319  
0.3932980117  
0.25400702  
0.4020023987  
0.6926156547  
0.07226059888  
-0.1557898914  
0.2415281175  
0.2306098735  
0.2517221123  
0.3146712246  
0.2599239486  
-0.2242467999  
-0.619444799  
-0.4417549988  
0.9663811584  
0.3523887542  
0.1866910294  
-0.3438565002  
-0.01920795122  
0.3497146068  
0.4831010057  
-0.2577419834  
0.2828147734  
0.2145426716  
0.08505501022  
-0.08227003026  
0.112312492  
0.2388942119  
0.6976819611  
0.03047817559  
0.2972995603  
0.0165012677  
0.2234409292  
0.416657127  
0.1692504143  
0.2695231035  
0.5543943489  
0.1997231323  
0.5648040604  
0.479297117  
0.233876772  
0.07643659775  
0.06293189213  
0.04455495886  
-0.185177925  
-0.2587353089  
