0.2928076208  
-0.1029951355  
-0.1633283939  
0.56074215  
0.7988569768  
-0.1159826597  
-0.154786706  
-0.3988766855  
-0.1267919329  
-0.3133440416  
0.3871622269  
-0.183950266  
-0.148627891  
-0.6797255823  
-0.7470385824  
-0.1160805914  
1.128985267  
-0.3183790088  
0.1599154265  
0.6712042407  
0.5439974087  
0.1115232923  
0.1732626388  
0.5084831736  
0.374658985  
0.7379910209  
0.7608820239  
0.1413896409  
-0.09436026725  
0.3603309385  
0.3035682516  
0.008451893828  
0.3492602635  
0.5942423961  
0.9079184571  
0.03494598795  
-0.5637496247  
0.2203234167  
0.1906127902  
0.02312725233  
-0.0254473334  
-0.4051896485  
0.1963505168  
-0.2985206709  
-0.1697433417  
-0.4264114176  
0.2180761226  
0.8583968435  
0.3688485209  
0.4786306188  
0.5559810918  
1.185168077  
0.7501220117  
0.5750212605  
0.6113758019  
-0.03206800473  
-1.478241996  
-0.4791228379  
0.4678182202  
0.6983865775  
0.00703240186  
-0.4790506465  
-0.2307272104  
0.006325986432  
0.3358474005  
0.2993624706  
0.1222297208  
-0.08092840834  
0.2038638258  
-0.171154772  
0.4255393767  
0.7646802676  
