0.446891706  
0.4932551737  
0.3747313044  
0.7266576157  
0.8987540723  
0.5395862491  
0.563913324  
0.282340531  
0.1630840496  
0.1153911158  
-0.1301409288  
0.4542579849  
0.3198633485  
-0.05598325329  
-0.07622688305  
0.2254858551  
0.9677896936  
0.8540545945  
0.2147719711  
-0.02843493911  
0.07420261517  
0.2262830791  
0.3818318544  
0.118420036  
0.6082518927  
0.3679726039  
0.1761226324  
-0.1004901939  
-0.09389379804  
0.306947831  
0.3796601613  
-0.2143580618  
0.5197480632  
0.9377502609  
0.6663713946  
0.1769909508  
0.05132120958  
0.3886758458  
0.7906891488  
0.6775804997  
0.2393649775  
0.6248680388  
0.821982758  
0.3892748278  
0.01460279722  
-0.1972968798  
-0.3953580769  
-0.3940127595  
0.6630274171  
0.4508089824  
0.1992069596  
0.6161637309  
0.3459260684  
0.1918924217  
0.1364425247  
-0.03862537349  
0.5728723328  
0.2190950823  
0.6226511199  
0.7797364657  
0.3602730746  
0.3837160221  
0.4903254259  
0.3719950478  
0.06005692816  
-0.1912376721  
0.2378587797  
0.226822781  
0.2740653227  
-0.07600398979  
0.1417645014  
0.4834067432  
