0.2636264741  
0.6888638031  
0.4720637547  
-0.3232059218  
-0.6503510897  
-0.08193256984  
0.7712694983  
-0.09873017884  
-1.08408945  
-1.110552014  
-0.3641146482  
-0.3567725091  
-0.840735917  
-0.6428837213  
0.1346819475  
0.4797708082  
-0.5968475286  
-0.003174617396  
-0.1926793481  
-0.06587279196  
-0.2332906027  
-0.4576401769  
0.278359912  
0.4075276748  
-0.9678907694  
-0.962179728  
-0.538973865  
-0.4782748867  
-0.4203356997  
0.1121386282  
-0.2150960682  
-0.7250998142  
0.2102100394  
0.2517665203  
-0.3368581029  
-0.6362618074  
-0.4685732176  
-0.4241566808  
-0.5387390566  
-0.5128717497  
-0.3601304441  
-0.2376939077  
-0.9308020425  
-1.000214031  
-0.5019946329  
-0.1026730285  
0.09532099235  
0.05524667784  
-0.9995952834  
0.1150711203  
0.6291545614  
0.6065327901  
0.5002257958  
-0.8315310978  
-0.6423282207  
-0.893960971  
-1.214306563  
0.05679470809  
0.2052901072  
-0.3450479064  
-0.4649347669  
-0.3056470999  
-0.1206306375  
0.009461377845  
-1.246340375  
-0.9388649475  
-0.01660838514  
0.5747305734  
0.06047644195  
-0.106202686  
-0.5769166145  
-0.01160910113  
