0.5972336872  
0.01827218875  
-0.009839696418  
0.5979945298  
0.3470696054  
-0.3025260757  
-0.285698336  
-0.908339461  
-0.9689534466  
-0.3999029339  
0.4186461122  
0.3663940166  
0.6838810039  
0.3514390926  
-0.2814149535  
-0.6625786151  
-0.3931366634  
-0.8228801657  
-0.4944665112  
0.1188231979  
0.5584801362  
0.02064349399  
-0.5734167879  
-0.3878495204  
0.2372187002  
0.3045694232  
-0.04281388811  
-0.1239280581  
0.1152871695  
0.04774777709  
-0.4583345027  
-0.1883352844  
-0.01910704063  
-0.6877242084  
-0.9705388589  
-0.8078197676  
-0.2260816342  
-0.1775624428  
0.008277116049  
-0.271197512  
0.1228295769  
0.128848674  
0.1835314564  
0.2742246032  
-0.01515307297  
-0.1771302257  
-0.3063258854  
-0.2373612986  
-0.2467517485  
-0.7709456884  
-0.7795827781  
-0.1794848491  
0.4582884267  
0.3122629315  
-0.08182391309  
0.1747310648  
-0.1756033165  
0.1299501975  
0.1034063718  
0.06497500192  
-0.4811770182  
-0.4554608131  
-0.5214692154  
-0.3166118184  
-0.3624587357  
-0.2126057105  
0.0759511242  
-0.3609988487  
-0.06022968991  
0.2533581654  
0.4216832115  
0.03134926761  
