0.02555457836  
-0.1600774032  
-0.1370894091  
-0.3435915764  
-0.03887121066  
0.01377648571  
0.7889694791  
0.5525205114  
-0.3326706802  
0.181607838  
-0.004894180664  
-0.1937193323  
-0.2186703132  
0.4638285889  
0.23586215  
0.02409623666  
0.1635209344  
-0.1359313996  
-0.5538692994  
-0.2274881415  
-0.5410631549  
-0.5012301328  
0.2101484584  
0.1994868906  
0.7022781167  
0.6259708628  
-1.319415639  
-1.43609285  
-0.3222434839  
0.1157505189  
-0.2924662227  
-0.07789677938  
0.5774597022  
0.3814659962  
0.1964488254  
-0.08146190073  
-0.3926364588  
0.4546486584  
0.3134851951  
0.2004734784  
0.2126339637  
-0.2409585577  
-1.008633316  
-0.6013407321  
-0.1709911183  
0.1670844562  
-0.3567657288  
-0.5582651368  
-0.09048718724  
-0.5156272968  
-0.2614140138  
-0.03652188697  
0.3141359017  
-0.1404673272  
-0.1169493998  
0.2827171695  
-0.600498107  
0.3680467751  
0.05566310039  
-0.1374681895  
-0.07241952213  
0.2470796535  
0.4345915388  
0.6627995796  
0.1203801524  
-0.6091612206  
-0.9140949612  
-0.3184486718  
0.07835897195  
-0.04358340449  
-0.2194276243  
-0.15283946  
