-0.09595550048  
-0.05576740568  
0.4761829859  
-0.2513027473  
-0.7095680183  
-0.1763501807  
0.3550744285  
0.2657154741  
0.09143974554  
0.05143880766  
0.2268095769  
0.08863795588  
0.1622108219  
-0.5135851408  
-0.7430544578  
-0.5408446254  
-0.3397692434  
-0.04677845753  
-0.3847806807  
-0.03766847774  
-0.2541311373  
0.04658656484  
0.161587223  
0.515245858  
-0.3299723104  
-0.635506  
-0.1815696057  
0.1864365963  
-0.110903884  
-0.08494081886  
-0.3893363392  
-0.5997211255  
0.5812868483  
-0.1123685429  
-0.7894557397  
-1.001342651  
-0.921547947  
-0.7769919834  
-0.6858533919  
-0.7291795374  
0.1558261665  
0.02643685033  
-0.4188738448  
0.5175137725  
0.6792673614  
0.3551086197  
-0.3085094896  
0.4290576191  
-0.2284723492  
0.05581371006  
-0.4281548256  
-0.4324614651  
0.8387306127  
-0.1012914491  
-0.1303701974  
-0.5056246174  
-0.3932960371  
0.002458457161  
-0.2979950428  
-0.4557564063  
0.1515108039  
0.2951800215  
-0.7825895383  
-0.3023758363  
0.4381815611  
0.5555412648  
-0.07178706754  
-0.1690052858  
-0.1807024307  
-0.1664286742  
0.09151214204  
0.3311228094  
