0.008133893636  
0.5743326019  
-0.0559561382  
-0.08740172339  
0.04909441228  
0.1791272623  
0.07087925635  
0.007487583905  
-0.2920032991  
-0.1033859582  
0.5221993029  
0.8554847335  
1.270918862  
0.5781605501  
-0.558433888  
-0.8897331359  
-0.1367220537  
-0.6693126642  
-0.6820732907  
-0.9647033966  
-0.1753253803  
0.9545581498  
0.3976601496  
-0.2014252469  
1.313176925  
1.700996464  
1.498356687  
1.156256618  
1.041378045  
-0.634192503  
-1.40732297  
-0.3916441155  
0.2217475082  
-0.07624570574  
-0.2577265901  
-0.5065107267  
-0.9962977696  
-0.6851083632  
-0.5202009886  
0.4726070946  
1.599285613  
-0.06126085052  
0.06342371769  
0.288412764  
0.7741472245  
0.1790701491  
0.6186812006  
0.1512155631  
0.05950976751  
0.04236023501  
0.733148776  
0.251198735  
0.6171328386  
0.5339731731  
-0.2334066296  
-0.5841591542  
-0.04822675001  
-0.5589903086  
0.8314585934  
0.361108275  
0.02830045631  
0.5115887928  
0.1610166552  
0.2906819946  
0.9714442962  
0.4662155874  
-0.3993353636  
-0.09231606822  
0.2024009169  
0.3324677485  
0.5423584251  
-0.08257779655  
