-0.1469362223  
0.433390151  
0.6073363188  
0.2262853886  
-0.1022382944  
0.09104620861  
0.1337092611  
0.4880286366  
-0.2624246589  
0.0650625273  
-0.1248144945  
-0.3435807987  
0.155141013  
0.6957544495  
-0.235733649  
-0.0002620020685  
-0.05485367559  
-0.4437074172  
-0.4204978515  
0.08206048377  
-0.01960226746  
0.3401286207  
0.6714451272  
0.4214332078  
-0.1815468999  
-0.0919016781  
-0.3730405729  
-0.2223575287  
-0.08202025392  
0.3217624282  
0.643077638  
0.2649219888  
0.1331293192  
0.2002115165  
0.04954117713  
0.1463940357  
0.1415463655  
-0.4063687557  
-0.5267096236  
-0.3753334347  
-0.4547765005  
-0.1637732727  
-0.2706582352  
-0.3925612193  
0.2233712492  
0.4441545455  
0.1216397185  
0.1340230392  
0.2983150018  
0.07816902949  
0.5697831334  
0.2559789011  
0.09636682833  
-0.04020068922  
-0.5216679334  
-0.3321352496  
-1.167548947  
0.04855709879  
0.4295882337  
0.4390633327  
0.5858721379  
0.152701907  
-0.3800065538  
-0.2463613965  
0.3588497317  
-0.07420467281  
-0.1528005055  
-0.2889515987  
0.1082247486  
0.7464431068  
0.770928867  
0.01378245051  
