-0.277151718  
0.1617128308  
0.1715484975  
0.5813855944  
0.03978677996  
-0.1651425531  
0.1182355285  
0.3079889793  
-0.6622817454  
-0.4007253533  
-0.1870887766  
-0.1180020473  
-0.2179502684  
0.086721674  
0.4574769859  
0.8906032168  
0.6362786324  
0.1366326668  
-0.5402129016  
-0.07961606612  
0.2978664991  
0.01848214629  
0.2623040311  
-0.1946752061  
-0.4089862279  
-0.1743167429  
-0.8872384751  
-0.8551305423  
-0.1947615182  
0.08839807503  
-0.4587880408  
0.1897364369  
-0.07273188527  
0.5200664462  
-0.0507475122  
-0.3011994085  
0.09180269979  
0.3720829937  
0.3781586493  
-0.8176456369  
0.2690041597  
0.1396424974  
0.4305940692  
0.155791463  
-0.1909283545  
0.02183998308  
0.04982676745  
-0.220177834  
-0.7766384796  
-0.7392683359  
-0.7387142597  
0.4629445782  
0.559289933  
0.05478549906  
-0.1587463429  
0.3984043269  
-0.8516225595  
-0.328954648  
0.4926598935  
0.07859206778  
-0.1263106564  
0.2324826725  
0.4069811184  
1.322192107  
0.05324593397  
-0.3361130143  
-0.4351666196  
-0.1240302968  
-0.09248781126  
-0.3766291249  
-0.9428384751  
-0.7478591574  
