0.1812590059  
-0.1667443522  
-0.03541297975  
0.004057603447  
0.1243344716  
-0.4493629754  
-0.183984422  
0.2249232758  
0.2075740803  
0.1493114188  
0.3320812532  
0.2363399132  
0.3161181302  
-0.09334314497  
-0.4045051117  
0.0589627017  
-0.04930530645  
0.01250831155  
-0.1698401715  
-0.05065820523  
0.5265957614  
0.2939754583  
-0.1857037207  
-0.6505828021  
0.3445698109  
-0.5717180665  
-0.5852521293  
-0.473507725  
-0.06327085315  
0.3513649843  
0.4038670957  
-0.0257208912  
-0.2579425816  
-0.006781072601  
0.06424575809  
0.007551366267  
0.01372969386  
-0.3860993136  
-0.4861283483  
0.3273026052  
-0.09806197916  
-0.2642162474  
0.3494138741  
0.381603365  
-0.2716580755  
-0.2293682291  
-0.03297114059  
0.6122514358  
-0.6340724636  
-0.1182004116  
-0.1288468783  
-0.4621355714  
-0.5225421245  
-0.4250082205  
-0.7278403206  
-0.172118534  
0.2753408034  
0.05049824215  
0.2657680511  
0.7043388776  
0.5829981785  
0.2741756714  
0.1921834777  
-0.3065873239  
-0.06509195111  
0.0235150276  
0.2151575366  
-0.255350858  
-0.476292836  
-0.3907377966  
-0.0253087141  
-0.3011314353  
