0.01822254345  
0.04214754615  
0.07060322918  
0.07549418362  
0.05387774676  
-0.0489128331  
-0.08607588146  
0.01255619867  
-0.05776193862  
-0.03268212662  
-0.004548645578  
-0.001772354978  
0.05450395859  
-0.0622859785  
-0.05018103649  
-0.04601278261  
0.1351442846  
0.180288095  
0.1420802275  
0.06007655706  
-0.06025126018  
-0.03921466239  
0.04592062513  
0.08022301167  
-0.07512669801  
-0.03305942464  
-0.08681044603  
-0.003757122826  
-0.009987633054  
-0.009407578269  
0.06584788805  
-0.02655534456  
0.03639452369  
-0.003316718464  
0.02603377697  
0.07779394606  
0.06634917355  
0.03532010748  
0.07609166809  
0.07268554725  
-0.03633759194  
0.005047613541  
-0.06220144639  
-0.05966897379  
0.03280598682  
0.02317420642  
0.08018784629  
0.08308176324  
-0.002091413674  
-0.0112683794  
0.1777708641  
0.03401558202  
-0.01993986312  
-0.04239273289  
-0.04044567623  
-0.005483640157  
0.005003504688  
-0.04783292239  
-0.075801669  
-0.03529197397  
0.07016608243  
0.09766745404  
0.07146095257  
0.03076533539  
0.03103105941  
0.1017302781  
-0.02265252142  
-0.03911987304  
0.01584815513  
0.0671245207  
-0.02020429062  
-0.05520404767  
