0.1493366843  
-0.4330499663  
-0.3698942218  
-0.2089407107  
-0.5079677779  
-0.7183475659  
-0.3302203907  
0.1814147193  
1.346927362  
0.696721182  
0.2939329196  
0.2066887851  
-0.4319134686  
-0.264555914  
-0.6234124836  
-0.5386783469  
0.8015154707  
0.2555460738  
-0.4420901462  
-0.8119068287  
-0.4436543003  
-0.1471247373  
0.6241580243  
0.3485244054  
0.681285985  
-0.04958661597  
0.1942580765  
0.1192168284  
0.4638809557  
0.3509922855  
0.1608696509  
-0.468816369  
-0.5743244365  
-0.2541508212  
0.1586537299  
-0.0130254191  
0.07927179258  
-0.312627513  
-0.6317856152  
-0.4419291792  
0.9877816141  
0.6553206608  
0.7726991569  
-0.03204687567  
0.2491286295  
0.1826482124  
-0.04117947033  
0.1751406401  
0.4623406285  
0.5578965013  
-0.01215410865  
-0.2309157217  
-1.846510542  
-1.264382997  
-0.6158737246  
-0.4601676737  
0.5020134653  
0.7556954746  
-0.005304962004  
0.2019312472  
0.4582411553  
0.9079079944  
0.8294789736  
0.3301042079  
1.040894607  
1.28585366  
-0.268047319  
-0.9244048517  
0.1780457133  
-0.2626013215  
-1.427386307  
-0.6022451253  
