0.4229451002  
-0.03887322329  
-0.2149604931  
-0.1669131056  
0.2461622015  
0.4199598294  
0.02834106046  
-0.328417461  
0.3628496068  
0.4272055058  
-0.1518589043  
0.09392712177  
0.4269052224  
0.3017742972  
-0.19231879  
0.2208882719  
0.06633721508  
0.3201401719  
-0.3901069604  
-0.4003920585  
0.04537076131  
0.4695151204  
0.1229571586  
0.1183873731  
0.6194954671  
0.154094022  
-0.03404991789  
0.01826282831  
0.4157706809  
0.2860381101  
-0.02666977322  
0.1758955142  
0.3001290476  
0.003641190203  
-0.2436662832  
0.2775969701  
0.1691869177  
-0.4849859845  
-0.4689216838  
0.4442069914  
0.1300737899  
0.2023298372  
0.5179779948  
0.450574013  
-0.3614474474  
-0.1534044119  
-0.2021064083  
0.2149996145  
-0.096157377  
-0.3184702401  
-0.002016424152  
0.4184691338  
0.5167852176  
0.3899134219  
0.09459861532  
0.6280470212  
0.08448969627  
0.3707168853  
0.1927739044  
0.3546541136  
0.1069430442  
0.1457333283  
0.130953656  
0.1508845589  
-0.2737109449  
0.1765221053  
0.4722685311  
0.2080584169  
-0.1623991669  
-0.09101286874  
0.118963022  
0.2668370761  
