-0.1287470236  
-0.1162322811  
0.6101867941  
0.9944633442  
1.1875557  
0.5513977385  
-0.5361600575  
-0.8787545089  
0.2144555312  
0.1889430747  
-0.02736193863  
-0.617630599  
-0.3713277469  
-0.1195154104  
0.8847273749  
0.6580506895  
0.4980344796  
0.07585588948  
-0.4293244738  
0.163129961  
0.1687346634  
0.05954374098  
0.2010677298  
0.4485455708  
0.4754149208  
0.07205209518  
-0.5453155825  
0.2954733168  
0.7880066218  
0.09857497364  
0.1075909438  
0.1940019289  
0.5875964663  
0.05118411181  
-0.1347494131  
0.2923326223  
0.06138489905  
-0.3646377617  
-0.2230950486  
0.383570119  
0.2680606128  
-0.06687529816  
-0.1532816014  
0.02992910446  
-0.223919536  
-0.1739790893  
-0.02544755748  
-0.1750230836  
0.3260767346  
-0.03061188797  
0.666990937  
0.7826435066  
0.5583276296  
-0.2641721858  
0.3565203575  
0.7391889252  
-0.1213120457  
0.8069831968  
0.1985924883  
0.4220935067  
0.3310678474  
-0.3705422341  
-0.1452483958  
0.0834130882  
-0.1674597234  
-0.5794654655  
-0.1227011451  
0.2200626706  
0.2863707264  
0.5950702503  
0.2217039469  
0.3331935951  
