-0.2115727866  
-0.1277486661  
-0.2459372006  
-0.4951668222  
0.1554582563  
0.4590627363  
0.3080298489  
-0.7159822209  
-0.05830821483  
0.3409147615  
0.1635628785  
0.1452214331  
0.009733081648  
0.06310370922  
0.07156541395  
0.1078576795  
0.1995423599  
0.0193795774  
-0.2734264428  
-0.5564814104  
-0.2885088742  
0.08495710908  
-0.1392239498  
-0.06937419138  
0.03386785884  
0.1773343007  
0.03185146523  
-0.3549194724  
0.079104011  
0.3268874899  
-0.2118414449  
-0.3403565388  
-0.0005004605965  
0.3222275294  
0.435353553  
0.4737998347  
-0.2837780333  
-0.6575011677  
-0.5461150424  
0.02275422471  
-0.02274450385  
0.03950821828  
0.2132376218  
0.1639167648  
-0.3035906973  
-0.3622995925  
-0.5461536034  
0.3961164298  
0.2332686967  
0.05355333468  
-0.3762722249  
-0.8071512335  
-0.1193599356  
0.1653409124  
0.2604157471  
-0.2028542419  
0.3052690073  
0.2891598422  
0.1628060061  
0.5689014995  
0.06954426554  
0.1029045012  
0.2745563816  
0.3148531377  
-0.7573804163  
-0.5037791595  
-0.01921980446  
-0.1299832402  
-0.02872226167  
0.2672705316  
0.3103706331  
0.2685478936  
