0.1048742668  
0.1229705028  
0.1689000896  
-0.3265084264  
-0.2015733614  
-0.4618465944  
0.2966831181  
0.342431054  
0.8564753379  
0.5936657277  
0.5066559368  
0.2201712516  
-0.07837133246  
-0.3716873833  
-0.7154308812  
-0.3152049568  
0.3675941425  
0.3235280259  
-0.02966426538  
-0.2480501356  
-0.6522892346  
-0.2236145502  
0.5884696835  
0.4130067118  
1.041412056  
0.8234712952  
0.2789439017  
0.1778869396  
0.03099717072  
-0.2119952927  
-0.1185573045  
0.2946936892  
0.08072905389  
-0.3279679182  
-0.6764375898  
-0.9231473694  
-0.1470101114  
0.08323119924  
0.2892401801  
0.002432376244  
0.06212524491  
0.4009673043  
0.3666727685  
-0.01964021553  
0.6344887118  
0.4837607161  
0.2619891763  
0.09948817019  
0.5105329556  
0.2844041347  
0.1171208619  
0.02956677591  
0.1947437087  
-0.008220049185  
-0.4047098999  
-0.1233149687  
-0.2634045781  
0.06197646118  
0.1410851163  
0.2492531362  
0.3268592334  
0.5567614087  
0.6044226688  
0.1474507105  
0.4545042966  
0.4455401753  
-0.1468354501  
0.1038441693  
0.1596590325  
-0.7184433522  
-0.3716760396  
0.3325698108  
