0.3112850982  
-0.05356105113  
0.402940718  
0.6636933906  
0.1331597359  
-0.8892470249  
-0.8799506389  
0.02398330601  
0.184706825  
0.01115991972  
0.310470349  
0.3524600825  
-0.303618865  
-1.178842162  
-0.8493164125  
-0.5002510397  
0.08948365376  
0.2598816537  
0.4118264859  
0.3597875337  
-0.194593159  
-0.6709164803  
0.1115971259  
-0.03224676289  
0.5254884859  
0.7215732323  
0.4975057242  
0.3529069004  
0.1149500593  
-0.1330376747  
0.05408293891  
-0.8099965067  
0.05870146579  
-0.06865351069  
-0.1368064167  
-0.2338647129  
-0.3236332885  
-0.4027517991  
-0.3299426544  
-0.8804230888  
0.7184286609  
0.8703926158  
-0.1682710787  
-0.5337552766  
0.050346972  
0.4287037246  
0.05490416759  
-0.1487526746  
1.055929588  
0.5571449428  
0.6231012489  
-0.06105841726  
-0.5258883391  
-0.3553977871  
-0.5788951736  
-0.5015069241  
-0.1758535071  
-0.3857659571  
-0.165168926  
0.4313129498  
0.5279706873  
0.6460888382  
0.5984574215  
-0.06623759121  
0.7537002057  
0.6283258729  
-0.02074152839  
-0.6732468081  
-0.4728204168  
-0.2112287746  
0.1923679982  
0.03173120418  
