-0.09763014964  
-0.7224544695  
0.102484552  
0.558052181  
0.05710189123  
-0.2970912772  
0.2051891022  
0.2373592896  
0.231789021  
-0.2113873895  
-0.05431453099  
0.1662812502  
0.01854290931  
-0.7847437098  
-0.5882216104  
-0.1056663547  
0.6957510279  
0.4323339354  
0.1035453062  
-0.004629799018  
-0.2379071414  
-0.1256221596  
0.2940127424  
-0.1266756662  
-0.04656393434  
0.3087165526  
0.2997638332  
0.1086554853  
-0.07826514464  
-0.4317932845  
-0.426948556  
-0.4088144561  
-0.2173113007  
0.02686053044  
0.2356431218  
-0.3523704602  
0.01860514832  
0.06623480959  
-0.1193730349  
-0.4002731665  
-0.2003626802  
0.1213661488  
-0.2217235326  
-0.2156592478  
0.3417156429  
0.6557946479  
0.3581851917  
-0.459959235  
-0.3058873768  
-0.4144124773  
0.3980271954  
0.03236146051  
-0.3158554639  
-0.1400985212  
-0.5586585528  
-0.1388405805  
-0.3006216666  
-0.01057181354  
0.2500093434  
0.3787150983  
0.558260071  
-0.0189806666  
-0.09694660671  
0.3703207019  
0.1869776806  
0.2822878463  
0.1139787857  
-0.1784575719  
-0.6689404291  
-0.3589237109  
-0.4473462089  
-0.3614519889  
