-0.3151741959  
-0.9357908703  
-1.135226623  
-0.4488763979  
0.3841054226  
0.2765496744  
0.005177660747  
0.3006754018  
0.1887456554  
0.9230077294  
0.3072314589  
0.08555246939  
-0.1332100024  
0.3603385175  
0.4620245906  
-0.5962360295  
-0.630880905  
0.1329626857  
0.3491978334  
-1.266263503  
-1.256284525  
-0.2786022821  
0.4346110554  
0.5558172271  
-0.2884075783  
-0.1271003983  
-0.1882410571  
-0.3168114426  
0.06926908398  
0.3939138406  
0.4348368296  
-0.5296811354  
0.07331698633  
-0.3468429553  
-0.04517427675  
-0.2002409802  
0.01291673518  
0.4537164899  
-0.3097877676  
-0.4170282389  
-0.6182864571  
0.3200562054  
-0.0343930235  
-0.2599302137  
0.0497514305  
-0.366463354  
-0.1066139063  
0.02099232014  
0.07744972418  
0.006019707083  
-0.1310864401  
-0.1824610664  
-0.07763297777  
-0.2422206549  
0.2094501994  
-0.04536594647  
0.1371005072  
0.1107812894  
0.1472823595  
-0.2860276847  
-0.01177958702  
-0.1613939813  
0.3040492659  
-0.1082834297  
-0.02182066392  
-0.1034208646  
-0.1735641741  
-0.8078032088  
-1.131143454  
-0.129673374  
0.7174525172  
0.2464438416  
