0.8637094702  
1.219254469  
0.9608158226  
1.217571293  
0.4016124792  
-0.06199650966  
-0.3805427943  
-0.7521348862  
0.7718517482  
0.04492044978  
0.4032191701  
0.2776923344  
0.07734118716  
0.05777021772  
0.6521917619  
-0.2416911073  
1.014441904  
1.212900522  
0.8320973803  
0.699370563  
0.9033510903  
0.4726571943  
-0.02234967131  
0.2811299794  
0.5876247224  
1.191389812  
0.6222328355  
-0.1009083375  
0.021196403  
0.1942049496  
0.3884969765  
-0.3774917243  
0.6768777535  
0.430893978  
0.5459093048  
0.7623690955  
1.050857898  
0.8159718168  
0.1917907628  
-0.2034257632  
0.9752619749  
0.5377373157  
0.1497844658  
0.383791371  
1.081908315  
0.5924659664  
0.1034658107  
0.5961107602  
-0.03950164526  
-0.114419603  
0.1072535942  
0.3621325667  
0.278033161  
-0.2415289693  
-0.9455557978  
0.015763112  
1.301733431  
0.4753593647  
0.04680061007  
-0.05193069793  
0.2983297876  
0.6826035122  
1.045505085  
0.7337517032  
-0.050638082  
1.018041849  
1.670722414  
1.043418728  
-0.581689255  
-0.2032162096  
-0.329443781  
-0.3433844188  
