-0.08535436982  
-0.8391224381  
-0.1597994386  
0.46543885  
0.1900020309  
0.3871776997  
0.05244498142  
-0.209713273  
-0.2345784797  
0.07219162113  
0.006449523651  
-0.003547353572  
0.3476119491  
0.07520766752  
0.6005643916  
0.2229388062  
0.3222794686  
0.1819788259  
-0.5278353833  
0.2142586232  
0.1630525685  
-0.4121912988  
-0.8402099828  
-0.1099360809  
-0.5393534289  
0.3165935292  
0.3159977672  
0.8324696961  
0.3749870722  
0.2613204088  
0.4143840761  
0.4060407336  
-0.05226800032  
0.4732346109  
0.05421194542  
-0.2172205346  
-0.2683482464  
0.3167902729  
-0.1067228168  
-0.7033045824  
0.714032592  
0.4273393244  
0.1630345014  
-0.05229005183  
-0.4192563795  
0.3911466941  
0.3610829791  
0.5880582401  
-0.1148618262  
-0.6943103924  
-0.1763239677  
0.07288550938  
-0.0004566888276  
-0.4228187003  
-0.3366157713  
0.368822338  
1.04203901  
0.3142899767  
-0.8281900869  
-0.6782497627  
-0.5554090672  
-0.3454857105  
0.2761516414  
0.5209765203  
0.4520495492  
0.8283976608  
0.795231761  
0.5565512012  
0.0289908976  
-0.5632530352  
-0.8799832746  
-0.08365067046  
