0.2086470378  
-0.1586911365  
-0.3901644114  
0.3476870835  
0.01794619152  
-0.3013964299  
0.2085271259  
0.3044366997  
-0.4952692072  
0.08204831575  
0.3883763918  
-0.3834620102  
-0.2839923272  
-0.07707827009  
0.2559591088  
-0.08362013494  
-0.1266742976  
-0.01911003025  
0.1131716347  
0.1240739809  
-0.01393140872  
-0.3664323742  
0.06009473201  
0.4330684735  
-0.1815831983  
-0.4117278467  
0.236236675  
-0.2011425801  
0.3978251984  
0.6875213538  
0.1460625887  
0.08192021125  
0.05012188891  
-0.8269364775  
-0.5730326841  
0.1867306627  
0.002876142726  
0.1629472296  
0.4217198624  
-0.1366710294  
-0.3334241981  
-0.3094839301  
-0.009153163747  
0.5943230508  
-0.09951843361  
-0.2955720018  
0.3365948483  
0.5229565242  
0.1830813697  
0.322184914  
-0.05298702929  
-0.04440403338  
-0.4240054223  
0.4903657047  
1.077857123  
0.3084096962  
-0.2645530669  
-0.1517201156  
-0.1906478834  
-0.3584826824  
-0.4917594154  
-0.07006205854  
0.4348893628  
0.1320829384  
-0.7175525221  
-0.2455795602  
-0.3778754251  
-0.4963009534  
-0.2148513909  
0.4425328816  
0.5079478151  
-0.2356885979  
