1.226650871  
0.5704017636  
0.4464783534  
-0.02066195368  
-0.1661660579  
0.2168725506  
0.2347914524  
0.2182696036  
1.066921295  
0.6860504994  
0.2252985189  
0.1125264528  
-0.1215051895  
-0.2069265464  
-0.2579195387  
-0.009880233434  
1.507269654  
0.9797397558  
0.5706848525  
0.2178237377  
0.004855985986  
0.3201877269  
0.7524959067  
0.5262926374  
0.1701764908  
0.4590836932  
0.8501649891  
0.5638975403  
0.03293068111  
0.09676967819  
0.5463919132  
0.3804004592  
0.2187594474  
-0.01889287416  
0.3729821388  
0.1456040301  
0.3205862736  
0.4922733326  
0.3972898195  
0.3954394935  
0.670235857  
-0.07023490669  
-0.2524787339  
0.04082274525  
0.4395910549  
1.111213738  
0.527985136  
-0.04090458556  
1.321997205  
0.6160634599  
0.4795155201  
0.9102180248  
0.371683094  
-0.4029706103  
-0.210105029  
0.2920995567  
0.383734116  
0.4565861577  
-0.1288193112  
-0.04609127195  
0.3159403527  
0.493954432  
0.2344838176  
0.2024005024  
0.8588226698  
0.9537322905  
0.126475357  
-0.170361606  
-0.167092907  
0.4760966234  
0.62187707  
0.4584640896  
