0.3922212755  
-0.2716619435  
-0.2041673542  
0.886609659  
0.09279711775  
-0.1941329347  
0.4055112796  
0.1710536123  
-0.04021234781  
-0.07678154836  
0.2157150538  
0.07657785282  
-0.1926173032  
0.0880605797  
0.5987143561  
-0.01378710253  
0.1372977702  
1.685933585  
1.0726624  
-0.431383456  
-0.7934872714  
0.2461201713  
0.2192577512  
-0.1218222987  
0.002980240961  
0.3239827384  
1.128257263  
0.3256095918  
-0.1101116737  
0.281204037  
-0.0885034778  
-0.6025150516  
0.4833390442  
-0.1004086142  
-0.1243617983  
0.4684938128  
0.9332943112  
0.4933347492  
0.4800930476  
0.09069622112  
-0.3996154838  
-0.2648689138  
-0.3768314225  
0.06699354071  
0.5334458636  
0.2469686515  
0.5619536391  
0.1833145852  
0.5839346153  
-0.2097932938  
0.1605767121  
0.834276883  
-0.07303976782  
-0.2091063645  
0.003589779304  
0.430515683  
0.6956960427  
0.3305194161  
0.0208492757  
-0.5010029862  
-0.1430607634  
-0.2477735288  
-0.259611974  
0.1919343557  
0.009522257765  
0.3131084944  
-0.4431604933  
-0.1680220032  
0.5428112262  
1.31581674  
0.8097259286  
-0.08013543055  
