-0.2535906637  
-0.4194589281  
-0.753554833  
-0.02442926453  
-0.06061310184  
-0.01832959723  
-0.4233544964  
-0.5926596238  
-0.6817550158  
-0.1708308319  
-0.05313737139  
-0.5230589476  
-0.6597409525  
-0.4234225441  
-0.5803047358  
0.3979182919  
-0.5862628931  
-0.6037294528  
-0.3277097933  
-0.3005474368  
0.3061133366  
0.4059524543  
-0.001916770284  
-0.2259257243  
-1.296499695  
-0.7042748424  
-0.2564729302  
0.2386368201  
-0.04648721669  
-0.5063218082  
-0.4107714076  
0.0798613194  
-0.3866339019  
-0.2337934557  
0.1771549774  
0.1315992391  
-0.1510653975  
-0.2203930823  
-0.1145534755  
-0.4873267494  
-0.4453449323  
-0.1916498438  
0.2137771444  
0.771784062  
-0.1997824898  
-0.2829140689  
-0.1219680521  
0.02877426138  
-0.1682713696  
-0.318226305  
-0.003106181951  
-0.3351201743  
-0.180554038  
-0.6346188337  
-0.7899315941  
-0.9745039701  
0.07438699707  
0.1475477818  
0.3619024498  
-0.2021964355  
-0.03681800577  
0.8752657916  
-0.3444458291  
-0.2888383843  
-0.9172806155  
-1.075006947  
-0.2271819614  
0.03506451266  
-0.008271871429  
0.09305027673  
0.2628563432  
0.1257429499  
