0.7152508634  
0.3867136486  
0.2082985369  
0.7893313388  
1.035146168  
0.9390440703  
0.185206584  
-0.5370742493  
0.2688486123  
-0.002352579351  
0.1908263805  
0.1130631615  
-0.3027527417  
-0.107613016  
0.1386169716  
-0.1594188668  
1.278287125  
1.110067201  
0.7959838361  
0.3470944254  
0.4939399504  
0.5128172912  
0.05275122345  
0.3375103998  
1.582211205  
0.8120348565  
0.5476705415  
0.6329099744  
0.5219267448  
0.7107849295  
0.1583227194  
0.0613131224  
0.2001239474  
-0.1995043148  
0.3912865424  
0.5636123335  
0.381270265  
-0.1420331388  
-0.2321240198  
0.2798349755  
1.015974963  
0.5318277347  
0.06863621537  
0.3591106903  
0.6918146613  
0.8329223193  
-0.02027259644  
0.122540609  
1.607970046  
1.001084137  
0.01297392026  
0.0157079881  
0.0396712564  
-0.3286719579  
-0.2286514679  
0.372697147  
0.5867181777  
0.7771890164  
0.7013963896  
0.161344794  
-0.1517204054  
0.1496203082  
0.954653237  
0.6214147323  
0.994143924  
0.6164277727  
0.7316635831  
0.9384659479  
0.6662008951  
0.3303300192  
0.2271068632  
0.1071254124  
