0.0641580797  
0.3557517803  
0.2028235317  
0.06099413492  
0.5616793852  
0.4809939559  
0.1713700893  
-0.08765833746  
-0.4531999877  
-0.9806298185  
-0.9441915028  
-0.4203907861  
-0.03347555666  
-0.005135048377  
-0.1742481427  
-0.08290087128  
-0.03875417772  
0.4417271183  
0.0006038068156  
0.5446487559  
0.2060330363  
-0.4639387158  
-0.1439444234  
0.01002393781  
-0.6173772414  
0.08920606187  
0.2102529681  
0.3379242997  
0.08488435624  
-0.01933303431  
-0.1147869151  
0.1217668856  
-0.7592611754  
-0.4890544101  
0.3036284996  
-0.2006487899  
-0.2340423458  
-0.2126007935  
-0.0362355415  
-0.2770550449  
0.3356732067  
0.03095111859  
0.3351816794  
0.2804954568  
0.3097943495  
0.2615715136  
-0.0699961256  
-0.5547598608  
-0.6266302904  
-0.874645448  
-0.1706059983  
-0.7636607074  
-0.6189117051  
0.2753367753  
0.3204402371  
0.3677333335  
-0.2427563281  
-0.8558062946  
-0.9377778878  
-0.3404475586  
-0.2362087122  
0.5391746289  
0.3963934457  
0.6306766749  
-0.735239425  
0.1881297408  
0.5206267564  
-0.0313336722  
-0.1921794287  
-0.1220907526  
0.03658952113  
-0.3517445412  
