1.149278495  
0.01482129685  
-0.6730164795  
0.1213057098  
0.2037064512  
0.06391779926  
-0.4216988522  
-0.2163152452  
0.1460540763  
-0.06129096017  
0.05648457592  
0.1967640192  
0.3554351753  
0.01360911886  
0.2594468299  
-0.2572540672  
0.4665206702  
0.4044879353  
-0.1005307316  
-0.09238090954  
-0.9860071328  
0.368993289  
1.160266533  
-0.312561494  
0.506385784  
-0.1766429622  
0.2556594529  
-0.07621464133  
-0.6157446276  
-0.8673539515  
-0.2203426145  
0.2394589401  
0.1612452865  
-0.6743571813  
-0.646030804  
-0.4908275491  
-0.01716284317  
1.281149416  
1.316770619  
1.150525931  
-1.021886507  
-1.009034876  
-0.1057402962  
0.7441725884  
0.6653265914  
-0.09702152798  
-0.7123105617  
0.2039321609  
-0.2909196411  
0.7305294677  
-0.03089430629  
-0.3414560415  
-0.7933623575  
-0.3185892725  
0.3455631506  
0.7913746159  
0.1648419711  
0.3680672587  
-0.2919308798  
-0.7992177555  
0.3021527003  
1.367833244  
-0.09881206327  
0.09559050163  
0.02261680227  
0.3672409156  
-0.3551297041  
-0.2242960267  
0.4800851304  
0.503089211  
0.6210711604  
-0.1366415353  
