0.3730430453  
0.3265679126  
-0.05101359765  
-0.21228964  
-0.04589092026  
0.2771329543  
0.414396692  
-0.1008955699  
-0.2120726469  
-0.04765804112  
-0.5878756031  
-0.1177687768  
0.2931231421  
0.1903354933  
0.4052203762  
0.7166446436  
-0.2357319448  
0.009335264564  
-0.2167052106  
0.08731437553  
0.7058070365  
0.2926886644  
-0.4071368034  
0.4205519431  
0.08911251492  
-0.2658594469  
-0.3082583151  
-0.2314401543  
-0.8570452706  
-0.7459304587  
0.3985975236  
0.7119690844  
-0.3978627101  
0.1580926701  
-0.05575897623  
0.2078989261  
0.4979423074  
0.3026711192  
0.6854974296  
0.5979665435  
0.3204417003  
0.2738843466  
-0.1399580538  
-0.1524247948  
-0.1542760055  
0.02773464118  
-0.217276301  
0.1553495755  
-0.2116542729  
0.1033400525  
0.08827433539  
-0.2200977704  
-0.008319344568  
-0.3383613488  
0.05072300048  
-0.8497998818  
0.7209709059  
0.2802489224  
0.2397378989  
0.3552210417  
0.4643579071  
-0.1475695137  
-0.06796313195  
0.1965212351  
-0.2845681251  
-0.2349629998  
-0.1328210358  
-0.2388519455  
0.05654541501  
-0.3462628318  
-1.049994205  
-0.1661910038  
