-0.09094162751  
0.2961449764  
0.242968515  
-0.4497243273  
-0.1739888031  
-0.3037628614  
-0.5003464424  
-0.5001775403  
-0.1937143371  
-0.08511506232  
0.260656436  
0.1170474185  
0.8376737982  
0.5678752288  
-0.4696328762  
-0.6760020366  
-0.08751194081  
-0.5260904467  
-0.09363683274  
0.457224231  
0.1127853125  
-0.7513840563  
-0.1535064411  
-0.4096465105  
0.3680708477  
0.4900764211  
-0.442213809  
-0.8020981464  
-0.4405181274  
-0.3030097479  
0.06166079248  
0.3272154466  
-0.09195257017  
-0.03282741349  
0.208478491  
0.4636308606  
0.0577975139  
0.05345225491  
0.12011086  
-0.5383851332  
-0.5499472046  
-0.462897405  
0.003735754982  
-0.1887461071  
-0.07760272293  
-0.2459605968  
-0.6643925439  
0.5662066923  
0.5722137337  
0.07006652516  
0.006544400203  
0.1052327674  
-0.1735764835  
0.008853721825  
0.2039585668  
0.1980628502  
0.2074085776  
-0.02938855243  
-0.3479445245  
-0.2611195585  
-0.1920810987  
-0.2938925091  
-0.3744789429  
-0.2603614918  
0.05173832443  
0.3453346295  
0.08391588534  
-0.04454525599  
0.1882411448  
0.1836999639  
0.3406189099  
0.3001081008  
