0.6591206208  
0.1756849828  
-0.1189648878  
0.04189453596  
-0.2479110505  
-0.1828262603  
0.1445984986  
0.3773032146  
0.09698163306  
0.4613889102  
0.0104448734  
0.2717996785  
0.617058792  
0.2082133482  
-0.2313523491  
-0.5018814577  
0.3257797519  
0.2254374687  
0.1261459412  
0.4371290946  
-0.00438163753  
-0.1789721935  
-0.01777708609  
-0.3155405719  
0.3426981178  
0.3148146441  
0.2515765633  
-0.03945919671  
0.01491916269  
-0.252544763  
-0.1612512827  
-0.157894301  
0.2548827447  
0.08190126854  
0.1560088904  
0.2592423499  
0.004042907483  
0.2929440768  
0.5449568327  
-0.215059409  
-0.1822706318  
-0.4025262398  
-0.398906377  
-0.009841310596  
0.1121894398  
0.08243419348  
0.2555370869  
0.676114938  
0.8321857049  
0.4372076412  
-0.004095466121  
-0.1392947052  
0.1982483017  
0.09530809936  
-0.6002478879  
-0.3601466211  
0.4178253192  
0.2825105054  
-0.04057940957  
-0.2862760663  
-0.6779805551  
-0.7187566137  
0.1092992388  
-0.01680334226  
0.361939702  
0.20354589  
-0.05617981936  
0.1805478872  
0.3029534265  
0.08137963196  
0.449797781  
-0.1211450675  
