0.5249431165  
0.8727188143  
0.4317313984  
0.3151147533  
0.2660690518  
0.1656002668  
0.1618080866  
0.1612843524  
0.7050993361  
0.8145446271  
0.3671241359  
0.2437616282  
0.5895508685  
0.4190607212  
0.4145784647  
0.1300901496  
0.9268482183  
1.163265385  
0.5773301438  
0.1557852175  
0.4093551567  
0.5049046843  
0.7668450581  
0.1590077694  
0.9426030783  
0.51917601  
0.2873286367  
0.2740141061  
0.2977095418  
0.2281965634  
0.07095792517  
0.4995479006  
0.8518589746  
0.394882105  
0.04658515734  
-0.09714750714  
0.1400399424  
0.2396581908  
0.05995065895  
-0.1886148166  
0.7806426182  
0.2842159648  
0.8075004499  
0.7850462432  
0.4072411737  
0.02439601106  
0.05918223351  
0.2581807224  
0.5902098128  
0.3576994676  
0.3595338013  
0.3687569059  
0.2738426855  
0.4275934209  
0.1432108433  
-0.2247267129  
0.6671265006  
0.5338725622  
0.6516995148  
0.1956079147  
0.4974432909  
0.6116968996  
0.9483074541  
0.4117538376  
0.5825296604  
0.2673595945  
0.200088884  
0.2058543582  
-0.04451226576  
0.3897701967  
1.003910095  
1.021242289  
