0.7749334311  
0.3107785097  
0.09570479096  
0.1524291384  
0.1687450765  
0.3842873281  
0.1361066135  
-0.1756021611  
0.9094252373  
0.6355838613  
0.5148775025  
0.8461405227  
0.3409224001  
0.1029398098  
0.5224807271  
0.40918785  
0.7685923003  
0.2189639594  
0.07070828203  
0.2675952905  
0.3231066209  
-0.266509602  
-0.4227263401  
-0.1216692634  
0.8086907946  
0.377252473  
0.3967743947  
0.5920187734  
0.562003961  
0.01012039641  
-0.6072780215  
-0.3177974017  
1.395817676  
0.8761417016  
0.02559115035  
-0.2454169596  
0.3573752436  
0.6745769382  
0.4435919352  
0.07665385396  
0.7278288687  
0.4606205656  
0.3821109812  
0.3645861512  
0.1752427261  
0.4661896558  
0.6207790588  
0.3995494464  
0.5314574605  
0.3486235458  
0.09523075401  
0.06443792225  
0.4124571649  
0.3408676017  
-0.1049546882  
-0.0645324323  
1.073109544  
0.8162286771  
0.9668388078  
0.714008455  
0.3852474267  
0.3573527751  
0.2126387098  
0.02204014799  
0.8556219452  
0.5235832991  
0.6059916046  
0.6602427787  
0.3542815499  
0.2907534404  
0.2205808163  
-0.1410043742  
