0.5808519922  
0.6559757896  
-0.1611019196  
0.5282960258  
0.1733210474  
-0.001467942799  
-0.3963562668  
-0.09556982156  
0.903232169  
0.7270790072  
0.7224967035  
0.4603724866  
-0.2389987672  
0.1222354429  
0.3767225578  
-0.2466268444  
1.13980695  
0.9075824728  
0.5019187569  
0.1133383297  
-0.08316741217  
0.1590701071  
0.6832477206  
1.081878067  
-0.6540839115  
-0.2339488887  
1.157886236  
0.6289107854  
-0.5362843259  
-0.524950609  
-0.1436990765  
-0.01414728993  
0.1594170275  
0.5382009945  
0.2254562297  
0.1460991094  
0.3025667887  
1.121681858  
1.326736647  
0.4879752009  
-0.312671899  
0.2887975342  
-0.08715110777  
0.2977196029  
-0.2510216095  
-0.3134452738  
-0.6801469526  
-0.5035898519  
1.621094726  
0.6231270683  
-0.6541087481  
0.1969463813  
0.5328638903  
-0.2063156952  
-0.7373729838  
0.07258608141  
0.2840860431  
-0.3280039196  
0.7989647251  
0.5872392698  
1.292831493  
1.176488365  
1.164503536  
0.122614917  
0.5490894359  
1.158112637  
0.3043541146  
-0.4674536107  
-0.8510639228  
-0.1743213528  
-0.1740776198  
0.6349789906  
