-0.5594413712  
-0.01754298861  
0.1901277974  
0.291323725  
0.1013500609  
-0.09548572274  
-0.09946683461  
-0.006485789205  
0.3386712231  
0.1382739132  
-0.1340110857  
-0.1169543934  
0.2668990747  
-0.1157413855  
-0.1469143342  
-0.3105064385  
-0.1025670175  
0.2774723742  
0.2789581253  
0.3917272527  
0.1866007923  
-0.5061398481  
-0.7086443999  
-0.4810639292  
-0.1303699491  
-0.2519812737  
0.0498521602  
0.2670743231  
-0.06712368646  
0.1231406008  
0.327893075  
0.5925476194  
-0.1287528999  
0.3716238272  
-0.1254003397  
-0.46971685  
-0.6360807095  
-0.1898983603  
0.378210379  
0.1681324108  
0.4493961199  
0.09237955643  
-0.0852397259  
-0.252651792  
0.02960872415  
0.1636242714  
0.3090798244  
0.3569696053  
-0.5504810976  
0.1242070874  
0.4489583227  
0.4546354475  
0.06596818527  
-0.05439600395  
-0.7719207026  
-0.5757091061  
-0.09294331133  
0.4193821055  
0.4029478851  
-0.1567267627  
0.0714577459  
0.08224426769  
-0.5217289553  
0.01392966881  
0.2516176134  
-0.02219845413  
0.1239578118  
0.2782765223  
-0.5343360819  
-0.9475952411  
-1.117811681  
-0.2042144469  
