0.2923201  
-0.2010262463  
-0.2982835998  
-0.4221892441  
-0.3791002199  
-0.178426232  
0.1703110195  
0.0003443301018  
0.3432563959  
0.3442832475  
-0.006171091362  
-0.009818788324  
0.02531227352  
-0.03645365783  
0.4918035143  
-0.1398169717  
-0.4620817011  
-0.2613593174  
-0.1438026287  
0.4216522421  
0.2347071707  
0.005258566553  
-0.06839541731  
-0.2170909643  
0.3735092212  
0.1625797446  
-0.3466522974  
0.2053006827  
0.2128209207  
-0.05633684125  
-0.4094332372  
0.338478557  
-0.3430692229  
-0.2053136129  
-0.03269439945  
-0.1699607447  
0.2016199417  
-0.04937298478  
0.07288455392  
-0.03056451865  
-1.164177172  
-0.3336700288  
0.2244911329  
-0.2850663212  
-0.08715398766  
0.04070980148  
-0.2809936179  
-0.1157290863  
0.172757646  
-0.371488212  
0.7456353992  
0.5371831872  
0.3629070449  
0.3441937861  
-0.3844223827  
-0.2806573211  
-0.1958394337  
-0.05448263374  
-0.307579885  
-0.2549035457  
0.006707157912  
0.2402822016  
0.261108243  
-0.2954223527  
-0.3063730356  
-0.09110202415  
-0.4221625312  
-0.3796802453  
0.298895244  
0.6868055228  
0.5652620798  
0.6456729681  
