-0.5704577579  
0.444284967  
0.267003101  
0.4811046792  
0.4937490833  
0.2764457143  
-0.1983662685  
-0.1318971523  
-0.2901055763  
-0.5389031164  
0.03901726792  
0.1749417162  
0.2048067392  
-0.07444247378  
-0.1792653138  
-0.3153298748  
0.2759349044  
0.05532420858  
-0.2158994828  
0.01866141217  
0.4042215406  
0.2078559265  
0.3012506436  
1.236091806  
0.2554924728  
-0.2836536983  
-0.1493197125  
-0.6031121219  
0.4358846082  
1.132326932  
0.5704896178  
0.4326340428  
-0.6721006925  
-0.4540811574  
0.1872044002  
-0.7980774953  
-0.7378839288  
0.1093559626  
0.8642363788  
1.028642413  
-0.9844055393  
0.07942615136  
0.1546866842  
-0.3998319446  
0.8202170949  
0.2388837303  
-0.1711910977  
-0.4645434769  
0.1172819196  
0.2421309177  
1.144647692  
1.867391653  
1.728961014  
1.311147395  
-0.2903680128  
-0.9402207289  
-1.197771978  
-0.8586477826  
0.1584083646  
0.02278237594  
0.09793694611  
0.07714858181  
0.4339698207  
0.3750716981  
0.01492535146  
0.2116704521  
0.6092941239  
0.6105625018  
0.1679880192  
-0.1438700559  
-0.711936615  
-0.1743033163  
