0.3029680663  
-0.02640442359  
0.03930657396  
-0.06626104181  
0.01972023339  
0.541102432  
0.6739552969  
0.6003191848  
0.3342115523  
0.04689904704  
0.2817289241  
0.7214317829  
0.2019692624  
-0.06588395273  
-0.148178888  
-0.1478057145  
0.07227663436  
0.03610174086  
-0.1214516753  
0.1772224938  
1.046104549  
0.3328281834  
-0.3017413922  
0.2324970786  
-0.08900752997  
-0.1562573596  
0.2496440475  
0.2618246526  
-0.42607915  
-0.05947688197  
0.6070424086  
0.4090918966  
0.6192785817  
0.6730108077  
0.4983884437  
0.5757758574  
0.637816324  
0.3158540823  
0.09838028478  
-0.1988098301  
-0.3793642738  
-0.3224487572  
0.4287493977  
0.5794316273  
0.0121085583  
-0.3152337864  
-0.3993809549  
-0.04181516862  
0.6221386629  
0.6860793177  
0.3493518147  
0.5743758799  
0.6820086142  
0.2431264112  
0.04472468911  
0.03081491884  
0.7449617921  
0.4619481711  
0.1468739221  
0.05749016852  
-0.2795203821  
-0.1792838022  
0.7227687207  
0.1968108046  
-0.6082058441  
-0.4660261289  
0.06256939  
0.2002043371  
0.385347012  
0.1263593969  
-0.407057437  
0.4175480002  
