0.6436637766  
0.7601973296  
0.3883582018  
0.4318409467  
0.4232572446  
-0.333752575  
0.152985015  
0.7216558664  
-0.306965932  
-0.003025395011  
-0.2570192775  
-0.1756624559  
0.1790765682  
0.5192188326  
0.2445461631  
-0.3444168121  
0.7820567021  
0.04020348397  
0.1904012602  
0.007411917328  
-0.2800637065  
0.04376859377  
0.3802394892  
0.4542149364  
0.5177134164  
0.259521217  
-0.1184075741  
0.1153933355  
0.1462117668  
-0.4018467907  
-0.7827288179  
-0.3067570023  
0.1887395129  
0.3533100416  
0.5038910876  
0.39389545  
0.9057780285  
0.431231119  
0.3599794479  
0.6225187387  
0.09319798022  
-0.3908450827  
-0.7214999819  
-0.5145888184  
-0.05868954601  
0.07221252555  
-0.4249773059  
0.3964868358  
-0.0473337644  
-0.1467823273  
-0.1052943288  
0.2020724155  
0.3134263775  
0.4409334973  
0.2821965784  
0.2577256459  
0.6918834646  
0.500470956  
0.3543576719  
-0.1052907778  
-1.064802178  
0.01194561341  
-0.08032957558  
0.3897351063  
0.1166070504  
0.1656365196  
0.09647396589  
-0.2463845961  
0.2091224173  
0.4673826725  
0.32861493  
0.3498266623  
