0.2619102307  
0.2461517492  
0.920449303  
1.224938251  
0.4594580806  
-0.1352814256  
0.6866812871  
0.1814641515  
1.047597156  
-0.3400631049  
-0.04656534559  
0.5723565978  
1.150667492  
0.5009005053  
-0.08955649875  
0.05870528951  
0.8379764988  
-0.1529074148  
-0.3336963277  
-0.2147278697  
0.5485895617  
2.240048625  
1.651527255  
0.5287553433  
-0.09160765506  
-0.4084678214  
-0.3109501571  
0.2599239145  
0.926122354  
0.6841723245  
-0.5886781143  
0.3484018355  
0.5729443617  
-0.4618378476  
-0.6625151658  
-0.4880947572  
-0.2865974042  
0.7729832538  
1.976230361  
1.546381486  
0.7836457111  
0.05549271503  
0.3286245222  
0.2809720206  
0.1095722733  
0.06635828414  
0.39538615  
-0.02350053338  
0.3758201657  
-0.246336578  
0.1988827989  
0.4829276255  
0.1138354658  
0.37503565  
0.5870516449  
0.5427715478  
0.1812056107  
0.5589908363  
0.8944229546  
0.2301231317  
-0.3612773939  
0.1475616241  
0.2462550731  
1.072417497  
-0.1401893587  
0.09263405204  
1.640560102  
0.4572110411  
-0.2888095975  
0.08571785649  
0.1069040338  
0.9939232316  
