0.7585378179  
0.50869035  
0.5685174397  
0.3006459167  
0.7228067129  
-0.001273426178  
-0.3922314081  
0.6830621782  
0.9437518943  
0.07874430157  
0.2065458713  
0.1361646872  
-0.2490917494  
0.5387565655  
-0.05134968773  
0.1945717452  
0.1054506367  
-0.03863459198  
-0.1205639514  
-0.3921325219  
-0.6722429196  
-0.2923674904  
0.9254449986  
1.159240832  
0.5562232183  
-0.3290481363  
-1.106585812  
-1.197931921  
-0.2323007533  
-0.6904737443  
0.0869673817  
-0.007502280764  
1.367765248  
2.101531457  
0.843130614  
1.177250195  
0.6526521742  
-0.1179108592  
-0.08115657537  
0.06747929497  
1.100453796  
-0.05216954747  
-0.9481352477  
-0.2809261405  
-0.1469410325  
-1.24652534  
0.4313302766  
-0.1057927132  
0.5189387222  
1.405145062  
1.010170252  
0.3481139731  
0.4195375974  
0.4245404232  
-0.4451566307  
0.009213735006  
0.2402064065  
0.530322227  
0.4763480978  
-0.01844568923  
-0.3865269268  
0.08544591795  
-0.4888689647  
-0.4953669268  
1.431394564  
1.107504684  
0.4532776363  
0.04837649017  
-0.2594632314  
0.3269820935  
-0.752804328  
0.3188065969  
