0.4070793835  
-0.5541221764  
-0.4711715701  
-1.111940817  
-0.008113780108  
0.6455858577  
0.2773205979  
0.3026131988  
0.08383017798  
-0.1841258181  
-0.08550876379  
-0.3763344339  
0.1770735069  
-0.221330656  
-0.4199204233  
0.0830674042  
0.1847722315  
-0.2061878361  
-0.2813977482  
-0.2774267043  
-0.3612137837  
-0.1215267009  
0.06066301298  
-0.5879626651  
0.3064547232  
0.453384825  
0.2949105901  
-0.8181509038  
-0.3887398242  
0.162345009  
0.8069136074  
0.6154208272  
-0.8133581194  
0.2700373372  
0.8719335043  
0.194111736  
0.1936640649  
-0.1797855026  
0.6481410277  
0.2396618496  
-0.07622569682  
0.4793783066  
0.348985879  
-0.6803570919  
-0.239573101  
0.4984306208  
-0.287692972  
-0.9443464577  
0.09987153471  
0.4772594024  
0.4844898464  
0.1902528993  
-0.5019220884  
0.08439791526  
0.06085399891  
0.1382541575  
-0.01657379247  
-0.4913287075  
-0.7168276835  
0.05311216963  
0.4447376912  
1.330325663  
1.006651929  
0.7000556824  
0.1556065969  
0.03866986597  
-0.7069410282  
-0.7157414793  
-0.4886238089  
-0.4341102901  
-0.1855083994  
0.2740796782  
