0.6303299857  
0.2213788263  
0.3078866026  
0.001381628607  
0.4152875703  
0.3310666476  
0.425041187  
0.263674543  
0.9767026525  
0.04975348186  
0.2218269559  
1.038441075  
0.9836988894  
0.3400867613  
0.3979497509  
0.4554817173  
-0.1323126509  
0.05556880506  
-0.3692128742  
-0.292190027  
0.7010945143  
1.172681776  
0.9081517086  
0.517606987  
0.5021927871  
0.5140282327  
1.500809959  
1.126566583  
0.2161141979  
-0.3121602541  
-0.9252151055  
-0.8867713892  
0.5292865662  
0.4093157812  
0.4927103886  
-0.3276921338  
0.2808876736  
1.599379149  
1.796155709  
1.349458644  
0.4257635151  
0.3954715934  
-0.2067321529  
-0.106652865  
0.04729496907  
-0.5362304997  
-0.1805060946  
0.6171328942  
0.3005516725  
0.4498061925  
0.06884102452  
0.378730903  
0.2432240942  
0.09440990307  
0.449493882  
0.4785750478  
0.88580282  
0.4692825552  
0.04395362742  
-0.4377864562  
0.3749721613  
0.8109833404  
0.3387724753  
0.4907156719  
-0.1921870285  
-0.02082067993  
0.0749633422  
0.08570766295  
0.5829952628  
0.0830735424  
-0.6534294112  
0.3708065549  
