0.2132017825  
0.3836485463  
0.5894732485  
0.5471270317  
0.8407563954  
0.6419949406  
-0.8119990845  
-0.3173131991  
-0.2203543773  
-0.06120427749  
0.1625048529  
0.4026811813  
-0.03916842245  
-0.3908321316  
0.4848035336  
0.6623805518  
-0.4563020535  
-0.436210732  
0.09295767349  
0.6715569598  
0.3734163085  
-0.1507878819  
-0.4864293502  
0.4110168589  
1.572719916  
-0.04299233638  
-0.1363357811  
0.2471549853  
-0.1692429237  
-0.5609255536  
-0.2973752198  
0.8899496286  
-0.0987522105  
-0.03284541841  
-0.3347587107  
-0.2818159578  
-0.1574460356  
0.4827218914  
0.188231485  
0.3483198157  
0.2618918708  
0.4801480281  
0.002242647013  
0.2609623057  
0.8514467097  
0.2943389888  
-0.3381646149  
0.2191778824  
0.2565922986  
0.9574082784  
0.9935063469  
-0.05727372116  
-0.2585016761  
-0.05655527193  
-0.5040864872  
0.07219539063  
0.8091171803  
1.095627432  
-0.07907232601  
0.5128317444  
0.9108395504  
0.8903813742  
0.2696943698  
-0.388987719  
-0.366988664  
0.7037003489  
1.068624618  
-0.4922755855  
-0.1214191412  
-0.3823957305  
-0.192561806  
0.6109893157  
