1.21619427  
1.611797741  
0.6055001359  
0.307911752  
-0.1310266674  
-0.2721847775  
-0.6081107002  
-0.6091005263  
0.2850078142  
-0.09913122916  
-0.2976064481  
-0.2713960714  
0.4594531533  
0.3198189769  
0.108840457  
-0.05347317795  
0.2223748556  
0.2840535788  
0.2577654207  
0.4430469732  
0.5733197727  
0.2264416622  
-0.05081037964  
-0.2394296891  
0.2917391306  
0.165311982  
0.1031972775  
0.3944415265  
0.3904923285  
0.4215185779  
0.2989937097  
0.2289910594  
-0.1000138719  
-0.3607574688  
-0.1872602637  
0.1653952732  
-0.5990611876  
-0.3431422323  
0.01004057782  
0.1704223984  
0.5400332976  
0.4519128598  
0.6677334258  
0.2422674471  
-0.09714862405  
-0.1264425158  
0.2163946677  
0.09876580963  
0.3138854616  
-0.3495501591  
-0.4605510322  
0.04679952575  
-0.001822504099  
-0.1767563633  
-0.4201455314  
-0.592476389  
0.9141602279  
-0.1493432507  
-0.404223884  
-0.3814377199  
0.04067023855  
0.001000760453  
0.03862140726  
-0.2013934826  
0.07660811798  
-0.05729375761  
0.1915692505  
0.499679234  
0.4482205455  
0.2233199544  
0.4423704217  
0.08936994862  
