0.8546618138  
0.2375990793  
0.2399908328  
0.0597632594  
-0.2102366853  
0.1576745984  
0.0914715551  
0.05859532264  
-0.0853135773  
-0.06182906286  
0.09185928034  
0.1899026072  
0.327746891  
0.01542836452  
-0.563141397  
0.3240863244  
0.5069041313  
-0.4912611074  
-0.03718811362  
0.1484826707  
0.1970396163  
0.145917745  
0.02673256691  
-0.07544175609  
0.1523025501  
0.4515844012  
0.4751391802  
0.09827346423  
0.2579833893  
0.1944954546  
0.8300688192  
0.9203623739  
-0.6246382986  
-0.3995659451  
-0.2589225978  
-0.5127352454  
0.1206975226  
-0.1887340565  
-0.05598841176  
1.140809554  
0.08012706387  
0.2771064942  
0.1008533465  
0.6798934071  
-0.08836879648  
0.09144186346  
0.1311559589  
1.128690612  
-0.3595658234  
-0.4929906428  
-0.1109535612  
0.03689825437  
-0.3109991746  
-0.1631570468  
-0.5547872593  
-0.5981918587  
0.1718679179  
-0.06852924432  
0.6557463159  
1.416027906  
0.827289761  
1.26897089  
1.179125272  
-0.110091586  
-0.3479360351  
-0.4711619512  
-0.2272663952  
0.05621812596  
0.2062468394  
-0.5442070838  
0.03472407319  
0.6339401158  
