0.1833131938  
0.7489490923  
-0.0433412206  
-0.2706914497  
0.4671157144  
-0.1467586013  
-0.6234552468  
0.7011695841  
-0.6901205586  
-0.4420345039  
-1.091897179  
-0.4024078626  
-0.2835324856  
-0.4551647242  
0.1038144603  
1.374279148  
0.02474564574  
-0.2494029969  
-0.2622231641  
0.2635359091  
0.6537732415  
-0.6352114999  
-1.458856409  
-0.5404714087  
1.009178114  
0.5476929991  
1.194320526  
0.9207595367  
0.4066701214  
-0.6621299747  
-0.3637141472  
-0.3785069777  
-0.7866831673  
-0.7384256321  
-0.1220044619  
0.572659379  
0.6127811513  
-0.3430978863  
-0.2403207411  
-0.02505032052  
0.2318953328  
0.7543699905  
0.4726024988  
0.449559545  
0.09022954297  
-0.4062355114  
-0.463691944  
-0.4408631868  
-0.08056423127  
0.649866966  
0.9840911366  
-0.007387798083  
-0.6002427622  
-1.056069852  
-0.7213324019  
-0.9339755352  
-0.168309938  
0.9474129049  
0.6990327098  
-0.1608997509  
0.272005838  
0.8208457204  
0.6926445569  
-0.1741026444  
-0.7704595625  
0.09407238206  
0.3890841631  
-0.1794739997  
-0.104064661  
-0.6952227723  
-0.1352024004  
0.3751229667  
