0.9496162251  
0.2473056557  
0.1429278586  
-0.1986788788  
0.09106838076  
0.3274337956  
-0.2723258363  
-0.529718274  
0.6018601077  
-0.3012782868  
-0.4682244106  
-0.0130319316  
0.01309837269  
0.383672629  
0.4723316216  
0.4688659393  
0.3648360153  
0.139214157  
0.1261416606  
-0.04399974607  
-0.2180666756  
0.2081858866  
0.6207779697  
-0.3184215749  
-0.0813336006  
0.1046564327  
0.05737689983  
-0.1498355589  
0.1077976499  
0.3855697245  
0.4088674659  
-0.3361820384  
0.8574119528  
0.3957401469  
0.4299578603  
0.02976040119  
0.1177770768  
0.6730201166  
0.2345624099  
-0.2652162188  
0.4571759213  
-0.2617206952  
-0.3918792683  
-0.2600065541  
0.2847244477  
0.1498163251  
0.2918044179  
-0.1700546766  
0.2347265254  
0.3281010588  
0.6453981025  
0.5404548065  
0.2985270207  
0.1540317815  
-0.03738412672  
-0.3942566297  
1.147197036  
0.1299594951  
0.07224428514  
0.206995872  
-0.01423821619  
0.2377152373  
-0.2811649271  
-0.3889908526  
1.23667951  
0.6626326912  
0.2525321088  
0.2140398527  
-0.02301993887  
-0.06675097016  
0.05017173968  
-0.1093096147  
