1.198608905  
0.878937225  
0.4920673705  
-0.09356819235  
-0.08717017606  
1.013825947  
0.6261695129  
0.08106582651  
0.571933844  
-0.6863845171  
-0.01243412965  
0.5387573317  
0.8187870764  
0.06870204746  
0.4087342694  
-0.05039144984  
0.888530843  
1.178131137  
1.285939133  
-0.3260946926  
-0.3132589232  
0.415506039  
0.05859648907  
0.3124081411  
0.2344160148  
0.9540835774  
0.6457788249  
0.6107081355  
0.3180616035  
0.9361118306  
1.27780725  
-0.01967867542  
-0.003049013842  
0.5228754158  
0.0003699032884  
0.2356966765  
0.2493204575  
-0.0928210471  
-0.02453671744  
0.5053927495  
1.561913726  
0.724327169  
0.2996230656  
-0.9882218231  
0.5992479418  
0.6544759572  
1.018251222  
0.7924249069  
0.6017877532  
0.1053018081  
-0.6037159672  
-0.066163265  
0.1379383726  
0.5949902048  
0.7562993923  
0.7560139555  
0.1199080223  
-0.08084133863  
0.8816878508  
0.8850406253  
0.3910465095  
0.3311138297  
1.013495315  
0.6262098348  
0.1161460684  
-0.6692988998  
-0.08261420303  
0.03266887759  
0.2534293527  
0.615724353  
0.3850651346  
0.4681636312  
