1.253279561  
1.042806758  
0.4713243947  
0.2965995647  
0.6793962859  
0.6836909429  
0.3006846837  
0.3023401063  
-0.6747820722  
-0.08815907011  
0.06792337962  
0.6090523889  
0.893752852  
0.7564224075  
-0.3214321091  
-0.3769839364  
0.9764877782  
0.1155284153  
-0.3794182915  
0.1361020141  
-0.2450775671  
0.3039688021  
1.181571021  
0.8519442356  
0.342530316  
-0.3809776526  
-0.1949459997  
-0.4191245807  
0.4818613819  
0.4061505905  
0.1138175464  
0.3703191326  
-0.4748835696  
-0.2984909131  
0.2633490515  
0.3521821826  
0.6470401528  
0.2111077956  
-0.1609042802  
-0.1602437098  
1.127762771  
0.8980254071  
0.6827253084  
-0.4455249432  
-0.64828281  
-0.4208395627  
0.0226174769  
0.310364366  
-0.003975019349  
0.7803011972  
0.5428421774  
0.4243181274  
-0.394085961  
-0.3001546974  
0.2326309951  
0.462057275  
-0.02307796101  
0.5828848035  
0.05551079945  
0.04982503531  
0.2946318694  
0.1290433999  
0.6136323623  
1.517153509  
-0.3522200509  
-0.5249571465  
-0.9068619211  
-0.4026490013  
0.03545556303  
-0.04598391495  
0.3494139243  
0.8231661773  
