1.073868313  
1.064917179  
0.7894111213  
0.4957799374  
0.1305657327  
-0.4386299462  
-0.02505271338  
-0.1944466285  
1.293976515  
1.264321274  
0.8936733905  
0.9930995119  
0.4626456075  
0.6350589752  
0.2609827963  
0.1268987907  
0.3016414873  
0.07739256707  
0.1662920019  
0.3914609838  
0.329708862  
0.1862988649  
-0.1125124396  
0.2470594218  
0.9238811696  
0.6917298201  
1.14479784  
0.5680258949  
0.6642844088  
0.9862675567  
0.6100441811  
0.552717228  
0.1635263717  
-0.08673447477  
-0.2082524565  
-0.09742777715  
-0.2113374525  
0.2987435381  
0.5280102042  
0.06690505752  
1.619072673  
1.251383658  
0.2719488895  
-0.04791230481  
0.1961222301  
-0.07887344869  
-0.03709612457  
0.08702976804  
1.346494599  
1.08103891  
0.6464715544  
0.505967218  
0.1911337568  
0.4352854271  
0.61180447  
0.8761439402  
0.9055800422  
0.9121985653  
0.2949645649  
-0.02426030482  
0.1231382805  
-0.02980341079  
0.3079381329  
0.4291544361  
0.4780145399  
0.1708814172  
-0.2223054939  
-0.3022710512  
0.3874660717  
0.7199141642  
0.5893550336  
0.9160169487  
