0.2658488585  
0.252052096  
0.7725381898  
0.8848952757  
0.9227134172  
0.4719455381  
0.7662301334  
1.005721062  
-0.6549373547  
-0.1644920398  
0.5750238841  
0.6528057515  
0.7945173092  
0.4140435683  
-0.8362749824  
-0.3215300802  
-0.09584303681  
-0.2968045257  
0.1028516942  
-0.4171547017  
-0.951024868  
-0.3501310501  
-0.09960822075  
0.9934596616  
-0.5268706815  
-0.2005644602  
-0.148076913  
0.194209582  
-0.3059072292  
-0.3506290033  
0.402720152  
1.731481085  
-1.587940249  
-1.518002809  
-1.361099717  
-0.2319678421  
0.5159812249  
0.2561232765  
0.01328845347  
-0.1658112101  
0.5753733121  
0.7192093139  
0.2025428162  
-1.021519924  
-0.9688974097  
-0.9113094734  
-0.3131359677  
0.1198331782  
-1.031696722  
0.3483288036  
0.9432092386  
0.5125807171  
0.0203617934  
-0.3110520429  
-0.2026368502  
0.4840881028  
-0.9145780965  
0.490087605  
0.1448161144  
0.5022537012  
0.5608059809  
-0.5776953291  
-0.1773137233  
0.6869883995  
-0.9489462897  
0.1019165845  
0.02834548671  
-0.8804766946  
-1.199777735  
-0.3163861239  
0.09978150125  
0.8905265108  
