0.335463736  
0.396348748  
0.1162650373  
0.4181355435  
-0.1853022666  
0.3617709652  
-0.0459057324  
-0.6645958377  
-0.867381336  
-0.3481150958  
0.1531566568  
-0.07205230998  
0.2007109844  
0.3431452495  
-0.2318948573  
-0.611162259  
0.1694327469  
0.3269718923  
0.1543480615  
-0.5060420793  
0.405921351  
1.14169831  
0.9324773821  
-0.1761545829  
0.03421423231  
0.3504603473  
0.3720194901  
-0.1872144798  
0.0676617044  
0.1013489107  
0.8071451509  
0.9280269226  
-0.8023269094  
-0.7912805633  
-0.3919341141  
-0.6197215672  
0.02005652809  
-0.2283568155  
0.2277262473  
0.7733589078  
0.344518536  
-0.3773460929  
0.1747709124  
0.6129085812  
-0.6585548402  
-0.8631017743  
-0.06313405853  
0.3592071441  
0.2317262935  
0.1142332536  
0.198279858  
0.03954761436  
0.2631089801  
0.1887208545  
-0.08850382817  
-0.6498852453  
0.941222605  
-0.08423525885  
-0.1372872517  
-0.192787275  
-0.9201538418  
0.001400555043  
-0.6214666401  
-0.9153264681  
0.5404051503  
0.8735039987  
-0.2846826962  
-0.2565307953  
0.158616063  
0.5409348858  
0.6113608807  
0.3496862775  
