-1.392562878  
-0.4689827052  
-0.4937768533  
-0.1299859495  
0.2148092264  
0.2118674234  
0.4835989062  
0.3036729799  
0.4299303263  
-0.1982571675  
-0.5010103967  
-1.095802422  
-0.2663538401  
0.2780437775  
-0.124745522  
0.2032070262  
-0.5664336485  
-1.154403975  
-0.190996112  
0.2526518853  
-0.08510585914  
-0.7305429978  
-1.412595163  
-0.2930964082  
-0.649692148  
-0.4445854565  
0.5912848011  
0.2370730999  
0.1168321657  
0.0870801696  
-0.2501810664  
-0.1534766774  
-0.1606830049  
0.1423587579  
0.1842605358  
0.2896820503  
0.05103812602  
0.1372370198  
-0.4768934442  
-0.6256264791  
-0.6617892955  
-0.4229608927  
-0.4966294989  
-0.1351954533  
0.003924906646  
0.6404481648  
0.2161098156  
-0.026564607  
-0.7147568304  
-0.6140435609  
-0.01805297952  
-0.4992628109  
-0.5075235673  
0.1200989846  
-0.0349314254  
0.4325166534  
-0.2754548772  
-0.01909123243  
0.3512481453  
0.1840470033  
-0.4903047642  
-0.4797539511  
-0.4399355493  
-0.6775759455  
0.7465186547  
0.5898662268  
0.07239077123  
-0.3521448891  
-0.3846713763  
-0.5356532782  
-1.000927722  
-0.8108883688  
