-0.296614062  
-0.2086576663  
0.03224617792  
0.1314542243  
-0.1846296121  
-0.2810250301  
0.3531327693  
0.5267636494  
-0.8644346087  
-0.198066302  
-0.1243264358  
-0.539945179  
-0.3047281119  
-0.5824736294  
-0.4890510847  
0.01377640782  
-0.5285533498  
-0.1749657828  
-0.282332738  
0.295399405  
0.2266364796  
-0.08814184093  
-0.02207388258  
-0.1147436955  
-0.02247121695  
-0.01256418836  
-0.2269636118  
-0.3646671221  
-0.2543817233  
0.521232687  
0.653278125  
0.005973673438  
-0.9304059157  
-1.504641218  
-0.7961791681  
-0.05833221744  
-0.2254566755  
-0.2781695861  
-0.014559476  
0.09235196955  
-0.1681393125  
-0.4386709244  
-0.01585639582  
0.3215598973  
-0.001679419491  
-0.543540146  
-0.8360938826  
-1.005635219  
-0.7135992803  
-0.120281304  
0.6367579659  
0.5990189043  
0.1120866476  
-0.4381701923  
-0.715437377  
-0.394290656  
0.01017222357  
0.08125606874  
-0.6560974007  
-0.2183735038  
0.6241934921  
0.2949284719  
-0.7354914807  
-0.7507660722  
-0.5624923314  
0.2892839867  
0.6026277174  
-0.1004920523  
-0.5126156105  
-0.1700333966  
0.274674425  
-0.1592414501  
