1.024948683  
0.7566048493  
0.876115763  
1.1998548  
0.03645973202  
0.4616255911  
0.6822786353  
0.4611418  
-0.2835927344  
-0.7543395833  
-0.4381975429  
-0.4875669494  
-0.1655387951  
0.03756663621  
0.7326107834  
0.5909358063  
1.282181994  
1.236782378  
1.071046507  
0.1373933453  
0.6542608385  
0.5880815673  
0.4684685193  
0.8300932192  
0.8157378091  
0.8359297169  
0.284813507  
-0.3650512487  
-0.2912603249  
-0.1526833862  
-0.5273947331  
0.1496686538  
1.323664361  
0.5041367351  
0.08084151197  
0.1620988991  
0.3082267894  
0.826285336  
0.5938506161  
-0.02498843387  
0.4129809114  
0.8904146777  
0.5975050399  
0.04109682339  
0.4316411091  
0.3266490451  
0.3388163388  
0.1595265989  
0.163993809  
-0.1119569344  
0.4706139131  
0.7033714088  
1.252674654  
0.9425310322  
0.5218178529  
0.07109702618  
0.9536892895  
0.2297828325  
0.4052392227  
0.3800661033  
-0.01731765047  
-0.2725769127  
-0.1208499024  
0.2793465922  
0.2231121799  
0.1625442399  
0.185257428  
0.09767885386  
0.1559841557  
0.249089413  
0.6898668481  
0.8920111057  
