0.8327983012  
0.2805047303  
0.339416082  
-0.0204982938  
-0.2031514964  
0.1071907396  
0.5750597086  
0.1415375814  
-0.6283780216  
-0.685681409  
0.03628017498  
0.4801962969  
0.2346963513  
0.6202488216  
0.8145149513  
0.04733859949  
0.2536015841  
0.4950665131  
0.2599245869  
-0.1613351183  
-0.09500086817  
0.004975858978  
0.4795005247  
0.6917629256  
0.2816425492  
0.9537119501  
0.3502576775  
-0.5670815609  
-0.3627007698  
-0.6327334017  
-0.4478140362  
0.4360556165  
0.3695112831  
-0.2482092375  
-0.8850848246  
-0.5823533331  
0.4320394665  
1.304099847  
0.5169086167  
0.4082109554  
-0.5320084434  
0.4305250725  
1.135691126  
-0.1395781736  
-0.5277629071  
-0.4158888528  
-0.2613691733  
0.2768374667  
-0.5037743964  
-0.02197732475  
0.4069299327  
0.3344867857  
0.7932933114  
0.08231265774  
0.03923801422  
0.09273413824  
1.007297728  
0.1564452291  
-0.7293363758  
-0.5067852429  
-0.0790781418  
-0.2633739177  
-0.250315628  
0.1025671032  
0.1622369212  
-0.1276072593  
-0.01799864244  
-0.3585866658  
-0.4711453244  
0.0670895576  
0.7149908589  
0.8464465088  
