-0.1745067232  
-0.3219629415  
0.2037916693  
0.2786373527  
0.06572876459  
0.734332194  
0.6533346719  
1.651328368  
-0.6704570594  
-1.023434753  
-1.356628488  
-1.23212131  
0.1875907976  
-0.09889535708  
0.1972064319  
0.3880834864  
-1.083849707  
-0.3847043571  
0.07714258355  
-0.1852299491  
0.01236432918  
0.8984205821  
1.263880412  
1.626258176  
-0.6392601546  
0.4538272203  
0.5269598195  
-0.8566965637  
-1.142888958  
-1.212470092  
-0.02519475228  
0.4796814793  
-0.7991206718  
-1.570994003  
-0.550511777  
0.1319111323  
1.113727908  
1.309894439  
0.3805858746  
0.396442949  
-1.050245933  
-0.2293068118  
-0.293547406  
-0.09757203903  
0.3797329588  
-0.04467158569  
0.7648502529  
0.8107209892  
-1.324926918  
-0.4283423059  
0.1706055011  
0.7395673372  
0.4466672024  
-1.040978301  
0.09461975443  
0.7838272615  
-0.09822509448  
-0.2439552055  
-0.1882584976  
-0.3574233723  
0.2844506095  
-0.5108732412  
-0.5386145761  
0.7541046854  
0.08678955658  
-0.5739031309  
-0.6391532508  
-0.8504969589  
-0.8036857677  
-0.48836774  
0.04447967481  
0.0966263188  
