0.07039297647  
-0.688082696  
-0.6157932966  
-0.1809105254  
-0.1112434879  
0.1006921039  
0.4135661231  
0.3037281083  
-0.4198146342  
-1.024353134  
-1.016625  
-0.968078945  
-0.2031716551  
0.5586937595  
-0.6986701269  
0.4440632956  
-0.06711606897  
-0.3129921814  
0.05419467792  
-0.1780791386  
0.2355987053  
0.4241254118  
0.2999632368  
-0.3894936832  
-0.2931799804  
-0.8302007537  
-0.5147663325  
-0.552598664  
-0.5019032173  
0.03677051612  
-0.2758624962  
0.2807220966  
-0.4849188459  
-0.02192115333  
0.6266158819  
0.005971882296  
-0.5220873928  
-0.251694989  
-0.04968479256  
0.256108844  
0.5825415342  
0.707980901  
-0.4120510443  
-1.297242529  
-1.164677058  
0.4605610214  
0.4561383732  
-0.648936823  
-0.1155263821  
0.08279202785  
-0.6388982711  
-1.375932674  
-0.935394457  
-0.3079927462  
-0.3466456093  
-0.3370419258  
0.4383039579  
1.618563574  
0.9739758066  
0.1888395987  
-0.09010596926  
-0.4429667927  
-0.4172531225  
-0.5141622573  
-1.250436021  
-0.355702012  
0.9719866526  
0.2918857689  
-0.9490889593  
-0.4005389645  
-0.4875405023  
0.2452718435  
