-0.06300330103  
-0.4818274802  
0.3953978035  
-0.3770065131  
-0.08548216679  
0.2433643678  
0.03239303651  
-0.4239442705  
-0.7698757241  
-0.702130571  
-0.4602767206  
0.2272743755  
0.388641868  
0.002306319577  
-0.6910173022  
-0.09790179722  
0.5756949162  
0.1860173298  
0.3862241295  
-0.2551371326  
-1.110940752  
-0.5701772457  
0.2609993992  
0.4346927708  
-0.3781128508  
-0.5689323559  
-0.3872241292  
-0.7762359522  
-0.1308646516  
-0.1047532323  
0.9165580188  
0.6601151674  
0.05963141868  
-0.5782163716  
-0.6131696242  
-0.2078149221  
0.1270524116  
0.02980160154  
-0.5020139202  
-0.4440858537  
0.8182238153  
0.03656000508  
-0.4532931773  
-0.3450489926  
-0.8876301419  
-0.8717383817  
-0.5435778193  
-0.2033499068  
-0.8053190606  
1.040466548  
0.631729413  
-0.507251513  
-0.3117666812  
-0.1837810519  
0.6951696888  
0.2063973044  
-0.06514373833  
-0.736984769  
-1.164080987  
-0.2372272085  
-0.1901480812  
-0.3018386897  
0.8146686787  
0.511817108  
-0.788812322  
-0.5974161237  
-0.5957371016  
-0.03532162897  
-0.5416443281  
-0.8261662857  
-0.4011186949  
0.4729351361  
