0.8589945532  
0.3198689422  
-0.3369547184  
-0.0560905604  
0.2725609908  
0.2445634388  
0.3891727042  
0.2625002837  
1.022064134  
0.3017326077  
0.8996016532  
0.5894788025  
-0.3996096881  
-0.02452838656  
1.025876375  
0.3403621437  
0.9755876158  
1.265488158  
0.5571887456  
0.5374999572  
0.1722961574  
-0.2563218351  
1.092138988  
0.8404908061  
0.5020689325  
0.5020843368  
0.8667932659  
0.385614431  
0.516850309  
0.02615642303  
0.02570078796  
0.2996381553  
0.1217717854  
0.601888556  
2.027620086  
0.777246247  
0.3897630862  
1.617876086  
1.826794762  
0.9005452841  
0.06915983009  
-0.05321547252  
-0.9883699699  
-0.8057704348  
-0.6061537168  
0.2238127476  
0.1210554648  
0.00700399858  
1.37117802  
0.2875161728  
0.6376834362  
0.8609251639  
0.5151248823  
0.4649697433  
0.2364903822  
0.1148933611  
0.7174539884  
1.130342739  
0.5260463341  
0.4177633304  
-0.5072294862  
-0.06305670013  
0.3670400092  
0.5467230593  
0.187936386  
-0.1219477829  
0.8112010266  
1.111006944  
1.551838665  
0.8949824644  
0.5192438317  
1.289599203  
