0.1483328441  
0.06659390895  
0.1257761135  
-0.2147725582  
-0.5462441725  
0.1052937161  
-0.0009874001078  
-0.2102564946  
0.4892225549  
0.5036731039  
0.5433205672  
0.136616358  
-0.4255199104  
0.08507087393  
0.03335393524  
-0.1370918676  
0.2393289038  
0.5243392482  
0.4872455355  
0.1907543833  
-0.0728944514  
0.1435834939  
0.4538749412  
0.3667700963  
0.04697959022  
0.1494174634  
0.2879705552  
0.1642827655  
0.4546690021  
-0.1318920351  
0.08930332329  
0.1845633323  
0.04525572485  
0.5075666522  
0.7771574909  
0.4174053024  
-0.2564942478  
0.4244636633  
0.1082718499  
-0.02031084062  
-0.04689171273  
0.2684231077  
-0.264031013  
-0.8221128867  
-0.3433019712  
0.1658748556  
-0.05982334506  
0.4444122829  
0.7394842145  
0.2519706541  
0.5462039199  
0.28841368  
-0.0527521089  
-0.331039899  
-0.2265019838  
-0.3916297679  
0.03842924378  
0.2458969894  
0.1248841407  
0.6273546426  
-0.1399347584  
-0.05360525415  
0.1801969256  
0.2810413975  
-0.4241027801  
-0.3977244181  
0.4772688215  
0.01885895784  
0.5337171107  
-0.1767244182  
0.1030685249  
0.6919714987  
