1.365813348  
0.6444409835  
-0.6064483363  
-0.4190574504  
-0.2319244013  
-0.5087816881  
-0.176634856  
-0.8475570004  
0.1848710281  
-0.4332418606  
-0.2312367899  
-0.4869804602  
0.09494984895  
0.268025064  
0.1561212764  
0.4319847426  
-0.3524578901  
0.01369919981  
0.3104931587  
0.112027774  
0.5750017996  
0.2362558536  
0.1444683224  
-0.8388680486  
0.7431007388  
-1.015955613  
-1.161974774  
0.09510243263  
0.7744752874  
0.7310994609  
0.06127288153  
0.144363259  
0.4805948056  
0.08524985386  
-0.5217447968  
-0.116757836  
-0.1453938876  
-0.008879340401  
-0.1900775693  
-0.3142416962  
-0.2892221765  
0.9218056547  
0.04219599568  
-0.05755146269  
-0.193786011  
0.04622515732  
0.6805094194  
0.4647510394  
1.305086128  
-0.4076709053  
-0.9442345218  
-1.021186146  
0.3049403356  
-0.008307771071  
0.02390853512  
-0.7888689819  
0.7996156718  
1.356614816  
1.014652287  
-0.2768587188  
-0.3381761626  
0.05132551148  
-0.5810948148  
-0.3683679649  
-0.8874200569  
-0.1045601207  
-0.4991284252  
-0.6575412209  
-0.6171145896  
0.4557349923  
0.6158978763  
1.221759588  
