0.1294271405  
-0.1153228627  
0.1177867152  
-0.1728078654  
-0.5697837846  
-0.6258062312  
-0.5193793876  
-0.01265920757  
0.4763838867  
0.5401823096  
0.1490641487  
0.07062839952  
0.09425555421  
0.8510375994  
-0.06981335953  
-0.667342123  
-1.199696852  
-0.5598557285  
0.3678495843  
0.6439905364  
0.5560202656  
0.2532988189  
0.239976943  
0.4428196597  
0.3960067905  
0.04425325593  
-0.4201371531  
-0.1934923229  
-0.3455633416  
-0.2269269543  
-0.1853813424  
0.4319191642  
-0.5130615856  
0.2375180166  
0.5170464094  
0.06383141789  
0.16485027  
-0.402997588  
-0.6426055145  
-0.4838792808  
0.4046562636  
0.6207103898  
0.1819739759  
-0.03479540181  
0.08153666262  
-0.2468043105  
0.09411059585  
0.1783303258  
-0.4900083302  
0.637481291  
1.199963387  
0.2150055221  
-0.04909850226  
-0.3243177766  
-0.2301808403  
-0.3643335366  
-0.2010305422  
0.272818856  
0.2710856515  
0.4549265251  
-0.4751882203  
-0.3464384296  
0.006468991014  
-0.0816472224  
-0.9319494659  
-1.384582656  
-0.1015509088  
0.5244092985  
0.03198284538  
-0.5655122292  
-0.9757694592  
0.08225936276  
