0.1274409074  
0.2689961748  
0.2474953722  
0.2949978141  
0.5711280695  
-0.2629737585  
-0.6460092068  
-0.5802336223  
-0.7626208762  
-0.7131386533  
-0.6272470414  
-0.05484426914  
0.310027295  
0.6851659113  
0.7137959896  
0.5759644264  
0.1994577555  
0.5542732303  
0.9230023691  
0.3063810899  
-0.1342875722  
-0.8631920222  
-0.7620349527  
-0.5320301477  
-0.1386219753  
-0.8463671947  
-0.8549173017  
-0.3112944306  
0.3170985709  
0.6500708065  
0.4973140953  
0.7324948597  
0.4785139375  
-0.3025039055  
-0.578269556  
-0.1181959368  
-0.4984116942  
-0.1784775549  
0.2012684367  
0.02203698633  
0.2394526767  
0.8520585181  
0.4397932507  
0.1121858307  
0.001466746001  
0.007263609502  
0.3326908724  
0.1327743208  
-0.02261633727  
-0.03647025243  
-0.396031348  
0.04086664812  
-0.2722044691  
-0.5920503983  
-0.05678283454  
0.3136863587  
0.9963844199  
0.6459958192  
0.3623888168  
0.3023100807  
0.2874109059  
0.01460070021  
-0.7729398278  
-0.03749227467  
-0.06134268965  
-0.1477426549  
-0.1720138372  
-0.2131430963  
-0.9019444522  
-0.05395378476  
0.2540226475  
0.6903795215  
