-0.2126749752  
-0.5504566169  
0.3064260464  
0.6076803096  
0.5049358412  
-0.005635338664  
-0.1768184777  
-0.5813655208  
0.02645567079  
0.02588352737  
-0.1321286096  
-0.06353351315  
0.3759958836  
0.3401954706  
-0.3232679751  
0.5999478726  
-0.1254169186  
0.4699831219  
0.8813126438  
0.5825817752  
-0.5890952247  
-1.372688913  
-0.5630929727  
-0.2342750327  
0.02017007943  
-0.4929599835  
-0.4760461391  
0.4143857321  
0.5394632035  
0.8643496126  
0.4580155015  
0.0994393584  
0.1156249063  
-0.2487654841  
-0.3277598363  
0.3371531321  
0.3299114334  
0.02332189581  
-0.1904974529  
-0.1276850452  
0.8679273105  
0.9145206094  
0.2744811186  
0.08079616233  
0.02447257067  
0.5219102569  
1.044076835  
0.2838055613  
0.2599010178  
-0.4623543098  
-0.07140013529  
-0.4960330206  
-0.5524309835  
-0.3335188311  
-0.8737905596  
0.2000348988  
0.5537826067  
1.14018696  
0.6911282124  
-0.04517502946  
-0.5003254027  
-0.7405521844  
-1.054134684  
0.225814131  
-0.6491376034  
-0.3575826021  
0.8890856206  
0.5560853866  
0.8468744821  
0.6107376506  
0.1447521738  
-0.2936824287  
