0.7538749673  
0.1706892161  
0.3874914582  
0.673535934  
0.175000504  
0.439222263  
0.2909295274  
-0.202637281  
0.504281566  
0.1081541383  
0.1522305786  
0.1127722536  
0.1454460706  
-0.005634745391  
-0.4114807184  
-0.05776183329  
0.8719831488  
0.9127609587  
0.6854105337  
0.3353893491  
0.1929182877  
0.2465874647  
0.03427644224  
0.5891567612  
0.002033400737  
-0.05223691844  
0.09808381121  
0.2905711147  
0.2959523353  
-0.07062485932  
0.1912952417  
0.1759270779  
0.9331944702  
0.1879530651  
0.2107197741  
0.3834456472  
0.4392454929  
0.2891546161  
0.02661556467  
-0.1997733143  
0.9683905521  
0.4883927678  
-0.4892327301  
-0.9755132993  
-0.6292916553  
-0.2591517937  
0.465951682  
-0.2184007906  
1.204714348  
0.3705727998  
-0.2353180228  
0.1905446958  
0.4810854968  
0.6704524519  
0.2362803303  
-0.02880218796  
0.8329109983  
-0.1114590541  
-0.3739576072  
0.2753698823  
0.2093656567  
-0.5219059557  
-0.2289313698  
0.1325104451  
0.342134924  
-0.3701059565  
0.1676001485  
1.344649117  
0.7178264678  
0.07639862043  
0.2262513819  
0.530605458  
