0.0611026408  
-0.412702112  
0.2479736989  
0.6364420144  
0.3445088393  
-0.1478336369  
-0.190784191  
-0.3913234171  
0.2656789196  
0.1725166565  
0.5639798005  
0.800855595  
0.5448367463  
0.4649681407  
0.3354104435  
0.4095720107  
0.2213338158  
0.4559316735  
-0.1967706049  
-0.359975104  
0.04225058702  
0.3011919737  
-0.03381083871  
-0.4345746827  
0.5437926281  
-0.2072358072  
-0.5267746736  
-0.2427632326  
0.1880122284  
0.9009041372  
0.3798212923  
-0.1188725135  
0.5866945724  
-0.09896277293  
-0.5941834023  
0.2270579452  
0.5811102151  
0.5413522497  
0.2301579172  
0.4245109416  
0.3954600467  
1.167309729  
0.4202082331  
-0.5417102205  
-0.5918190014  
-0.4504014578  
-0.4839933728  
0.134265315  
0.7182092231  
-0.2856887676  
-0.5070649282  
-0.3497728228  
-0.4189774311  
0.1202351611  
0.007006085226  
0.1074884562  
1.177208521  
0.569265505  
0.5656423219  
0.9707157411  
0.7791608837  
0.3214733733  
-0.1274860995  
-0.40839539  
0.2574358472  
0.1916980626  
0.1244045947  
0.4431678219  
-0.2239158441  
-0.6016283409  
0.1636396275  
0.1966157211  
