0.355506467  
-0.179942174  
0.01285444995  
0.04655200125  
0.06391291457  
-0.4312962946  
-0.2351288618  
-0.5195198046  
-0.2894683504  
-0.7184349285  
-0.2606221909  
0.4219763958  
0.2442617818  
0.07409377249  
0.1558979705  
0.7400641411  
0.03513725729  
0.05337166105  
-0.2988638309  
-0.4416849037  
-0.4514133436  
-0.3548273179  
0.1340616526  
0.1111959527  
0.2645238523  
0.2122548557  
0.07231585711  
-0.1010474143  
0.04757296441  
0.06917736189  
0.5450043393  
0.6663383286  
-0.2960501512  
0.2767794395  
-0.1982790103  
-0.429011836  
-0.5561483248  
-0.3658937765  
-0.1519406332  
-0.2542921135  
0.06800936643  
-0.1002823051  
-0.2160304739  
0.05954430147  
0.4102840538  
0.4552140449  
0.199340453  
-0.4549000863  
0.09029146946  
0.05391911515  
0.03299559555  
-0.07966415807  
-0.04000562243  
0.1363121382  
0.1697497985  
0.2566827922  
0.454956902  
0.1296017818  
-0.3378151355  
0.1606134854  
-0.1187826104  
-0.2616049488  
-0.4282708923  
-0.1251116219  
0.182920812  
0.2430478775  
-0.003280748564  
-0.2475596734  
-0.3379008131  
-0.8411858111  
-0.5050044748  
0.7157176126  
