0.1551735822  
-0.3632978946  
0.2641029686  
0.7690954115  
0.6122504475  
-0.02835942849  
-0.05761599761  
-0.02229410733  
0.1250999475  
-0.1412083705  
-0.06834801946  
0.2773037804  
0.1040824649  
-0.4763664682  
-0.2825820968  
-0.6606378702  
-1.517436169  
-0.4319922873  
0.3046386177  
-0.08031360227  
0.196887568  
0.4876044565  
0.4157669302  
0.1032189264  
-0.1287585689  
0.8790990704  
-0.08343117635  
-0.6984431997  
0.4246762946  
0.4726741214  
-0.08015254473  
-0.2440215482  
-0.1095840405  
0.3961086549  
-0.3383477703  
-0.4704094449  
-0.2053220063  
-0.6441326269  
-1.10306292  
-0.8763771494  
0.1750973559  
-0.2395036293  
-0.2923351289  
-1.062416025  
-0.4943099618  
-0.1353500917  
-0.4959869253  
0.1160774015  
0.05407388224  
-0.4438192657  
-0.1158737654  
1.194179055  
0.7112765971  
0.1238621961  
-0.3579871715  
-0.4087447227  
-0.7135528785  
-0.5392434248  
-0.664370713  
-0.992792696  
-0.8109423916  
-0.3778526839  
0.08103345844  
-0.2670366256  
0.6360577794  
0.2235276817  
-1.072450314  
-0.8826091841  
-0.6236732604  
-0.4501473104  
0.1915609449  
-0.1158723239  
