1.177065478  
0.936125723  
0.340161092  
-0.4592046565  
-0.6641254045  
-0.8002914597  
-0.5884922123  
-0.3523790817  
0.0610988395  
-0.6253945759  
-0.480776597  
0.6197237486  
0.4696585329  
0.2013096051  
0.001839370712  
0.05853043163  
0.3395575336  
-0.3442774054  
-0.03073464346  
-0.03309439583  
-0.5288949805  
0.6677054963  
0.5316342376  
0.1109315302  
0.1657731208  
0.4492479318  
-0.336772205  
0.01134398384  
0.03257423247  
-0.1565112644  
0.02736650015  
1.108160884  
0.2876223363  
-0.1291070086  
-0.1900071937  
-0.6674545187  
-0.3957671739  
-0.3301572543  
0.119618031  
-0.3541264334  
0.522125899  
0.3403753387  
0.03064789662  
0.08561605999  
-0.4742934363  
-0.3142937563  
-0.06789739753  
0.01271910544  
0.1218402955  
-1.094739812  
-0.5113027755  
1.602324858  
0.8061223501  
0.2623575789  
0.2968716084  
0.1819058437  
0.2557550218  
-0.3113348704  
-0.3651687654  
0.2126835907  
-0.3332355587  
-0.338076677  
-0.07312884937  
0.6301523525  
0.3463552502  
-0.101179476  
-0.5583768746  
-0.2944699133  
0.3326662227  
0.3036113366  
-0.6125464706  
0.3178277539  
