0.1549988754  
0.6924928625  
0.2006988984  
0.0307348748  
-0.2591856086  
-0.2821930911  
-0.5522269261  
-0.5471112406  
-0.5595821305  
-0.6586879403  
0.009301768224  
0.6578915337  
0.2636958868  
0.1117735084  
-0.2054114918  
-0.3581474015  
-0.2642947265  
0.1036817902  
-0.05416878646  
-0.2427979351  
-0.1884316114  
0.6719063932  
0.3311676572  
0.2891578697  
-0.2739786759  
0.2769330119  
-0.04636703961  
0.05280669741  
0.3147689328  
-0.4287442891  
-0.1884950767  
0.09309591034  
-0.05094565152  
-0.3384555269  
-0.2463808615  
-0.5653600929  
-0.4658551688  
-0.1604154933  
-0.1412392306  
-0.2409381881  
0.1388091259  
-0.04022675564  
-0.07995635114  
0.2315346687  
-0.08628936602  
-0.06931530557  
0.2021126714  
0.186251235  
-0.2010924732  
-0.4010940519  
0.0160399604  
-0.1452700801  
0.09286783895  
0.5887131797  
0.5310314244  
-0.102475264  
-0.2586361412  
-0.4317635688  
-0.4790855692  
0.2675229493  
0.457514689  
-0.3948476447  
-0.2144904415  
0.220534148  
-0.3215597904  
-0.6665790191  
-0.5996407953  
0.2105581427  
-0.1555016832  
-0.1827206851  
-0.1567558334  
0.117289976  
