0.6131352482  
0.8141756843  
0.5482140965  
1.130650265  
0.3032922541  
-0.1759381675  
-0.04074952879  
0.0558853471  
0.003067147183  
-1.599927253  
-0.549706641  
-0.1463858375  
0.5573321314  
0.2023708162  
0.8040672517  
-0.09466478072  
-0.574928765  
0.1719138342  
-0.3870164527  
-0.7157171227  
-0.4408095855  
-0.3203585138  
0.5384090013  
0.3780433815  
-0.6843547574  
0.4062562746  
-0.1454219473  
-0.8339941674  
0.7462160552  
1.240533793  
-1.071914256  
-0.6349425865  
-0.2818896004  
-0.1469206383  
0.02348939231  
0.4153835699  
0.338643604  
-0.3532953814  
-0.2567444026  
-0.3272845549  
-0.01992130208  
0.490667648  
-0.3083300412  
-1.364712754  
-0.7310597622  
-0.7372326898  
-1.196159367  
-0.9830415974  
0.6770311743  
0.5325888254  
0.8169460099  
-0.1013906243  
0.01152854957  
0.02585575396  
-0.01751138152  
-0.821756508  
-0.1882329069  
-0.09406017336  
-0.1181808961  
-0.09769501733  
-0.8416555364  
-0.930746351  
-0.3187271843  
0.240863084  
0.3395005912  
0.6838023247  
-0.1063242472  
-0.7973498707  
0.0424803268  
-0.4034032158  
-1.210685397  
-0.4127776762  
