0.3939851202  
0.0106142983  
0.1064206491  
0.4358675758  
0.342007856  
0.04928659589  
0.2519369941  
0.1353609566  
0.3473190144  
-0.4355258376  
-0.7791663761  
-0.5546749827  
-0.2787124298  
-0.1335157842  
0.2802081694  
0.5173498806  
0.5181442052  
0.6221451806  
0.225703723  
-0.5175223987  
-0.5325838636  
-0.0846549276  
0.1639876626  
-0.2264575584  
-0.1342274082  
-0.3136240512  
0.3023482661  
0.2820790182  
-0.2454426542  
0.1273635064  
-0.0307409382  
-0.06583924242  
-0.04045754393  
-0.7180568472  
-0.06016315043  
0.5988168813  
0.7604275392  
0.2866323987  
-0.0976788728  
-0.4017930469  
0.6566564168  
0.6214383449  
0.1741769042  
-0.5057125254  
-0.2978482399  
-0.5844258989  
-0.9637384413  
-0.6669356402  
0.7177932638  
0.6688384048  
0.1025470044  
-1.037842098  
-0.5834464084  
0.5478465966  
-0.0296292819  
-0.2708574437  
-0.100812674  
0.1443641084  
0.2738954774  
0.519055156  
0.2149433396  
0.08260158278  
-0.1465215348  
-0.5450967464  
0.4412219341  
0.5945974619  
0.2678024591  
-0.3051232265  
-0.7157932316  
-0.5247992233  
-0.2301746868  
-0.2142548276  
