0.07733535384  
-0.4900884303  
-0.6156222699  
-0.5241348155  
-0.3466600738  
0.1258982624  
0.347815794  
0.1533087837  
-0.02812106319  
-0.0673294335  
-0.02556392884  
0.3073803461  
0.31648757  
-0.03001239425  
0.6040832894  
-0.1430200609  
-0.3978016769  
-0.0291858237  
-0.08066513899  
-0.4916603848  
-0.2944668804  
-0.3182377988  
0.2345242276  
-0.07443405428  
0.01380184459  
-0.2850409017  
-0.2953500879  
-0.2462082639  
-0.2799190581  
0.345309036  
0.01224842354  
-0.2718549469  
-0.1467273773  
0.382481179  
0.2725309037  
-0.3300779119  
0.1477512956  
0.1229895253  
-0.1218788694  
-0.2783184361  
-0.467690291  
0.2459064436  
0.1525516377  
-0.2833568164  
-0.06959238001  
-0.004179320053  
-0.8062277256  
-0.7283999451  
0.2428595235  
0.5503970267  
0.5882234863  
0.2531088922  
-0.1513321129  
-0.06205736807  
-0.2296695533  
-0.4313563424  
0.8549394655  
-0.5336158711  
-0.4203569599  
0.290176114  
-0.2667611198  
-0.2802088639  
0.06797489053  
-0.2462241286  
-0.2180498399  
-0.3176917673  
-0.2094202975  
0.1297530046  
-0.4164741043  
-0.6822910591  
-0.9149332148  
-0.4053673719  
