0.4247799755  
-0.2277014367  
-0.06565467954  
0.2429581825  
0.4208152499  
-0.07182934412  
-0.04126990871  
0.1573256421  
0.07753574476  
0.1219421794  
-0.2362033326  
0.04352087053  
0.04169128472  
-0.6935821908  
-0.3068971454  
-0.3677598194  
0.1529258535  
0.9486583213  
0.2911202349  
-0.02571128162  
-0.1019569863  
0.0570893098  
0.1288250231  
0.1435711181  
0.4323732859  
0.1816152005  
0.004245359549  
-0.01586964131  
0.5928108789  
0.6526492803  
-0.04828286132  
-0.4222576524  
0.3517846835  
0.4259727659  
0.1416082146  
-0.1957847043  
-0.1210286871  
-0.05922990586  
-0.4917767472  
-0.08949000859  
0.2333048904  
0.3919668403  
0.3485992332  
-0.1230555059  
-0.3584448188  
0.09512948257  
-0.1578063637  
-0.6089731264  
0.4895097304  
0.453414801  
0.5865377363  
0.4016616701  
0.4105865938  
0.3307219446  
0.1696419226  
0.4049765154  
-0.2738938909  
-0.6723697079  
-0.01913399459  
-0.2062734502  
-0.3039041321  
-0.2948535567  
-0.2209066685  
-0.08559220402  
0.4703469684  
0.4495516363  
-0.8168100919  
-0.6991080609  
-0.1545592062  
-0.09649552679  
0.068622117  
-0.1810188376  
