0.1466527302  
-0.3946532089  
-0.1022434619  
-0.9764555144  
0.163145798  
0.2349103379  
-0.1379600866  
-0.5535503108  
-0.2519964933  
-0.05848578677  
0.3253488787  
0.01464278584  
0.2596364557  
0.5948296987  
0.2419781559  
-0.2908290974  
-0.3541406877  
-0.14175111  
-0.01876139484  
-0.1970791818  
-0.750876193  
-0.5316897968  
-0.2649767469  
-0.4467925672  
0.7080077725  
0.4832862733  
0.1563765787  
0.3725675979  
0.6151838761  
0.05917990247  
0.06489569655  
-0.3212761442  
-0.2163517059  
-0.4837201138  
-0.2148316844  
-0.02951778516  
0.0867470544  
0.2845034797  
-0.385890038  
-0.3344743819  
-0.1678828806  
-0.2199199002  
0.05042132441  
0.2973246321  
0.1310758778  
-0.06268196004  
0.444587186  
-0.3711813061  
0.3653873727  
-0.1881896562  
0.1826161798  
0.1572376219  
-0.4862447086  
0.141828726  
0.2794802865  
0.1145081406  
-0.2671886253  
0.1516561534  
-0.299831059  
-0.1645739262  
-0.03031345124  
-0.4226942219  
-0.3710240278  
0.269698892  
0.09639824535  
0.2217890592  
-0.2066368941  
-0.1351113453  
-0.04774888409  
-0.002821970927  
-0.4824090938  
0.4588671248  
