0.4409383178  
0.442224693  
0.4691131402  
0.4749262883  
-0.08723351489  
-0.9795535219  
-0.7496565027  
0.3238348684  
-0.3004783157  
-0.4709933064  
-0.2359757036  
-0.2485912368  
-0.05919660744  
-0.01866031597  
-0.271877085  
0.03873768185  
0.3687385554  
0.04790744665  
-0.09786723201  
-0.01883253478  
-0.1668682655  
-0.149318584  
0.3522090853  
0.1120516693  
0.160998982  
0.07826017472  
0.2656681006  
-0.1566894097  
-0.09712801971  
0.2257116623  
0.1732891343  
-0.05117566005  
-0.1327537907  
0.08103383221  
0.3902666718  
0.2073070157  
-0.3898618026  
-0.5941778724  
-0.3434577484  
-0.2559468875  
0.06328967479  
0.7039618664  
0.483929492  
0.3102834437  
0.1312917144  
0.2907430258  
-0.04312761317  
-0.08546151902  
0.2382753454  
0.03572323821  
-0.3656896724  
-0.6576162163  
0.07308131914  
-0.3381924374  
-0.3900622937  
0.2524249727  
0.6889414786  
0.1877902359  
-0.3906413725  
-0.567078318  
-0.05531519288  
-0.09289749807  
-0.4016307909  
-0.1130174659  
0.1899450105  
-0.2197821606  
-0.2701616339  
-0.2323777984  
0.568174803  
0.3825693384  
0.06277623815  
0.6702228275  
