-0.4557516273  
-0.4856214517  
-0.2429306428  
0.2189045964  
0.02849128646  
0.3836317149  
0.4949357224  
0.2294879059  
0.2575631679  
0.2297775276  
-0.340995151  
0.003219551946  
0.0954221789  
-0.4155297855  
-0.1177832143  
0.048918717  
0.5831888028  
0.1901910059  
0.1978180177  
0.1936883166  
-0.5652883727  
-0.8790675292  
-0.1148644668  
-0.3617093374  
-0.3121290917  
-0.0456395659  
-0.4355002027  
-0.6906104517  
0.1087610165  
0.3119254681  
0.4963260336  
-0.2076770812  
0.1733694498  
0.2434727463  
-0.2250534808  
-0.520643206  
0.4304888099  
0.3992199886  
0.3866507693  
0.07458567531  
-0.7115246277  
-0.24458151  
-0.3870993437  
-0.9097340634  
-0.8350288437  
0.1327627389  
0.6215089067  
0.0139794184  
-0.1467005624  
0.5473424341  
0.6504280867  
-0.4522065614  
-0.5820415926  
-0.3277194539  
-0.8326437669  
-0.145058944  
0.4680674641  
1.226824482  
0.05639539561  
-0.2722671612  
-0.04415704937  
0.5710974308  
0.1065213896  
-0.0290106033  
-0.274187466  
0.1067908444  
0.08594645521  
0.2485935701  
0.4038957165  
0.181864162  
0.1043151505  
-0.05429049522  
