0.7252158906  
1.373312127  
1.126739286  
1.342312665  
0.4612755545  
0.3160561841  
-0.7931190569  
-1.361380885  
0.5555311647  
0.27369038  
0.6102682572  
0.7200323308  
0.5467162297  
0.415813804  
-0.04647031079  
0.2618620561  
0.8251225538  
1.021325056  
0.8086667176  
0.2190458231  
0.1661995515  
-0.08241986218  
-0.07037715402  
0.2177227975  
0.7724130429  
0.9790677741  
0.2722752497  
-0.2491980631  
-0.09014894583  
0.2326193321  
0.6550411236  
1.002376993  
1.176886367  
0.9389457149  
0.542637854  
-0.3035925124  
-0.0089088677  
0.810180638  
0.6635043196  
-0.1145867715  
0.344967141  
0.1557141948  
-0.4029750555  
-0.3684786724  
-0.01486569734  
0.378276469  
0.7524916916  
0.6079602014  
0.612079268  
0.03329139474  
0.04535794305  
0.2229376472  
0.2196333183  
0.3267275496  
0.426102486  
0.3754345133  
0.1570844137  
-0.1055922636  
-0.04812936204  
-0.03140643245  
0.1597182283  
-0.03190208876  
0.006092849057  
0.3066624281  
0.4065700649  
0.5463509046  
0.03365146652  
-0.08300657429  
-0.02501831665  
-0.04047842289  
-0.3142459957  
0.1427796728  
