0.3761769137  
0.5714521301  
-0.1246713349  
-0.6751740176  
0.1604128005  
-0.1795290449  
0.1893642458  
-0.3353357826  
0.6030420634  
-0.2663097044  
-0.435420733  
-0.3020659399  
0.01077379845  
0.1558991106  
0.6489948465  
0.2633854345  
-0.0684785645  
0.0576353103  
0.4472820224  
0.3059888923  
0.1320576872  
-0.2198127205  
-0.3706411881  
0.06441009412  
-0.147740552  
-0.5305584745  
-0.3916390062  
-0.5669713338  
-0.2429325926  
0.05769520233  
-0.06248206085  
-0.1758909553  
-0.2012420289  
-0.4218352304  
-0.3238978978  
-0.09570090654  
0.008034352801  
0.2257615292  
0.4899143522  
0.689027348  
0.7421117944  
0.2497871594  
-0.5015883183  
-0.7220607662  
-0.4506006309  
-0.2625608298  
-0.143606549  
-0.2196376542  
0.1171147987  
-0.4687520381  
-0.4279918332  
-0.1524006605  
-0.01239894664  
0.0278512263  
0.1168439274  
-0.3094444612  
0.2585641634  
0.09111321796  
-0.425333026  
0.1009839846  
0.4256351266  
0.3392275273  
0.1360910201  
0.189221057  
0.8521283393  
0.4580660551  
-0.4161190606  
-0.3837867271  
-0.4978430036  
-0.2512930736  
0.09695091523  
0.194164414  
