-0.423177634  
-0.5676559445  
0.6295215338  
0.9626534024  
0.6686546277  
-0.2360548812  
0.00836720749  
0.137368955  
0.0720935283  
-0.5796716684  
-1.144511574  
-1.329374829  
-0.122861583  
-0.2066868646  
-0.5013171566  
-0.9636954534  
0.005192945368  
0.8015240388  
-0.08622376738  
-0.1207543419  
-0.006016586956  
0.2940756208  
0.1957991865  
-0.163838084  
0.292836311  
0.00269689705  
-0.06693578864  
-0.1403491532  
-0.6659630741  
-0.3641033984  
-0.428240103  
-0.8832510655  
-0.2808900781  
-0.1312162535  
-0.2788331524  
-0.2873436789  
-0.2909795063  
-0.5863016433  
-0.1512223607  
0.6638395716  
-0.5144945875  
-0.6271168611  
-0.7751477847  
0.03273785604  
-0.3354959504  
-1.053681657  
-0.7211618975  
0.4795040657  
-0.2392497851  
0.4909666922  
0.1926560386  
-0.2027807648  
0.2078322427  
0.237864919  
-0.8286806141  
-0.6173799138  
-0.9900590107  
-1.250954682  
0.318559718  
-0.03821114714  
-0.520054546  
-0.4999147827  
0.8961430629  
0.02624674833  
-0.2908526467  
-0.9117555791  
-0.514512649  
-0.3749777602  
-0.7022835471  
-0.3017721208  
0.5044210937  
0.21697104  
