0.2269719823  
0.3363795516  
0.06967449894  
0.5218008906  
-0.5108152191  
-0.4018324474  
0.06971362487  
0.6271024968  
-0.640113351  
-0.5000942259  
-0.04460309603  
-0.1265255436  
-0.3956497204  
-0.07860390273  
0.5455371821  
0.3695004739  
0.7933965404  
0.6773848132  
0.2968199586  
0.5813845722  
0.3540201634  
0.01384448182  
-0.3958651861  
-0.3377618316  
-0.9914152199  
-1.346560419  
-0.3588845202  
0.391419899  
0.7027246003  
0.5343155796  
0.6845567219  
0.9170416488  
-0.6082508983  
0.5030115849  
0.4211352044  
-0.3155892891  
-0.1092331341  
-0.2603886324  
-0.177837411  
-0.1165582902  
0.3571330986  
0.4501076325  
0.8775243324  
0.5326490028  
0.2368293385  
0.4331190427  
-0.381233557  
-1.042860656  
-0.04557497956  
0.0915167118  
0.1326289175  
0.6051128589  
0.3035369196  
0.898416874  
0.05238209665  
0.3663558725  
-0.6788804655  
-0.2071588408  
-0.04806297704  
-0.1677442742  
0.3132849063  
0.4192236127  
1.136092326  
0.7135514574  
-0.742528438  
-0.01256276591  
-0.03813510819  
-0.1799603369  
-0.2583285284  
-0.009015486527  
0.7062142169  
0.5901363943  
