0.3735832305  
0.2034630211  
-0.2512696465  
-0.3671745155  
-0.6332065196  
-0.1676745791  
0.584363323  
0.1393607755  
0.4085470586  
0.2279888995  
0.3583225886  
0.312363744  
0.5954481679  
0.9291704195  
-0.4260840046  
-0.5923824796  
0.06913035968  
-0.06540351981  
0.4286384318  
0.1667867852  
0.1786485314  
-0.1316843555  
-0.3016290084  
-0.7639297529  
-0.3589481213  
-0.1222892035  
0.118055007  
-0.2433155088  
0.2051345515  
1.399659792  
1.153556506  
0.07640454852  
0.2808024192  
-0.1633786625  
-0.633627985  
-0.7698846172  
-0.4953675041  
0.06834696532  
0.3335297011  
0.3984775584  
-0.0426398848  
-0.2042276517  
-0.02459995007  
0.333396929  
0.2325774191  
0.6497169562  
0.006933453493  
-0.4210970679  
-0.2703023076  
0.270468656  
-0.3332485797  
-0.7448070247  
-0.5256555929  
0.1965871723  
0.5061102036  
0.2111462309  
-0.5375225535  
0.1100797172  
0.3267643478  
-0.107421476  
0.3768916334  
0.007018759602  
0.1238250017  
-0.3658470775  
-0.03558289632  
0.1742554326  
-0.1069042192  
-0.3551634966  
-0.2954621601  
-0.1209341143  
-0.1409711028  
-0.5855814026  
