0.6991102079  
0.4656593032  
0.6418461276  
0.9140707174  
0.4680558158  
-0.1030021304  
-0.7016233086  
-0.2264414865  
1.352294387  
0.7606858669  
0.3078614531  
0.004672319177  
0.2999882789  
0.524754809  
-0.1219253292  
-0.3025587319  
1.578087134  
0.8035472288  
0.08210014339  
0.3743103055  
0.8262605849  
0.1128488598  
0.2606316096  
0.2068073946  
0.2648972687  
0.8920868317  
1.097381373  
0.6691994046  
0.3231969763  
0.5025484618  
-0.6154673105  
-0.6172698977  
1.117880453  
0.8669117428  
0.3513723221  
0.3809417725  
0.8881578867  
0.9702964199  
0.6317077818  
0.2081314662  
0.9018944902  
0.4616561226  
0.3428842758  
0.579283691  
0.1688604237  
-0.2471474172  
-0.03038309633  
0.07274351705  
1.489464767  
1.279915976  
0.8297804779  
0.3365342919  
0.5309792208  
0.5274576353  
0.4313793935  
0.2083606656  
0.3581373351  
-0.1155259148  
-0.3327097661  
0.5996686083  
0.8094404233  
0.07629076795  
0.6165794454  
0.6904856232  
0.3495701642  
0.3949899916  
0.2238304806  
-0.06493452941  
0.5394637377  
0.6110649993  
0.05736362147  
0.05785231935  
