0.487467046  
0.09284884497  
-0.105046306  
-0.04186114492  
0.4418168893  
0.01083010226  
-0.596632032  
-0.522059136  
0.355716193  
-0.1732530579  
-0.4756306478  
-0.2866141867  
0.02615466086  
0.4005927627  
0.2845678512  
0.4623255934  
-0.3956173422  
-0.1575893314  
0.1485278209  
0.1758194938  
-0.4663420916  
-0.3057312334  
0.186123624  
0.0004050025814  
0.4776450671  
0.02459661069  
0.006662687373  
-0.3058559863  
-0.2455106332  
-0.5013768335  
-0.6059669779  
-1.033729714  
0.9788410862  
0.5317169305  
-0.25838378  
0.1147401141  
0.4372777097  
0.536221935  
0.6143858852  
0.8679781705  
-0.9134064305  
0.02991176926  
0.1482738231  
-0.3080774716  
-0.5324200044  
-0.8591635353  
-0.5016861636  
0.2886880285  
-0.2543141656  
-0.1857557187  
0.1937929963  
-0.3773368291  
-0.4279343254  
-0.08026163518  
-0.3751458625  
-0.2423840042  
0.2804883736  
-0.3428748255  
0.1129677882  
0.3136246934  
0.03738648562  
-0.1145094462  
-0.3986457352  
-0.1521438503  
-0.1554789495  
0.2260126726  
0.1734316046  
-0.04752311081  
0.0009672969555  
-0.01179165371  
0.1455556578  
-0.1735245162  
