0.1298466499  
0.2833814611  
0.2861821032  
0.3697468001  
-0.06269094059  
-0.1754867261  
0.08876005069  
0.05269994067  
0.3438294908  
-0.1457117909  
-0.3473907739  
-0.4486541077  
-0.2772574761  
0.4624647508  
0.4087929107  
0.2691496557  
-0.2512950954  
-0.3125199274  
-0.3114896523  
0.1324806699  
0.5199992108  
0.01411316713  
0.1472128489  
0.2540835762  
0.2781451563  
-0.02577022247  
-0.09721185899  
0.5520292393  
0.2443176534  
-0.2943104727  
-0.5372527882  
-0.1818454738  
0.2745261582  
0.464410627  
0.04359851876  
-0.2601931887  
-0.06255195947  
0.2004215116  
0.0962150343  
0.07662878872  
-0.6092658889  
-0.0611181516  
0.22252878  
0.1512025735  
0.0877364438  
0.05501023312  
-0.06346209141  
0.1841258193  
0.415397018  
-0.08856655747  
-0.3573829155  
0.1146006707  
0.25626234  
-0.4571580089  
-0.2830945267  
0.2070054482  
-0.2942470946  
-0.1607323061  
0.2392715404  
0.05291678404  
-0.266078329  
0.06018831725  
-0.01383305714  
0.3400531032  
-0.4323080337  
-0.1523354751  
-0.04603886408  
0.7986950208  
0.7063761284  
0.53231591  
-0.1204669331  
-0.2878742237  
