0.4128180178  
1.076196851  
0.480423516  
-0.7203806115  
-0.6391686653  
-0.4121402745  
-0.2263946086  
-0.7033233389  
-0.00237928174  
0.07864414842  
0.1235073192  
0.5092371847  
0.04597880887  
-0.25400093  
0.1318069916  
0.4099262283  
0.2772120957  
-0.5571621278  
-0.7164523605  
-0.8488190178  
-0.6767456473  
-0.6610283075  
0.347766328  
0.430256938  
0.3673436377  
-0.1832250917  
-1.117757103  
-0.6047015786  
-0.2002561112  
0.02471277946  
-0.2614134099  
-0.2509964867  
0.5773886433  
0.4417055664  
0.5620320485  
-0.3249491182  
-0.6132962112  
-0.6170829621  
-1.013416577  
-0.6023606725  
-1.061603696  
-0.3972691763  
0.5559876624  
1.88414074  
0.6510789247  
-0.8917951847  
-0.3088989862  
0.4589224873  
-1.304576838  
-0.5929375799  
-0.1785297733  
0.02946105403  
-0.4509662256  
0.004583508561  
0.2007750861  
0.3905424964  
0.1211925373  
0.2241620425  
0.8911306533  
0.7242300252  
0.4621233823  
-0.351498536  
-0.4119970893  
-0.4977755068  
0.2554255226  
-0.2409197555  
0.07654784855  
0.3892332566  
0.07719958221  
-0.3157109262  
-0.5170847197  
0.4036405847  
