0.9097475787  
0.7800540788  
0.8794454739  
0.685434518  
0.5367608155  
-0.3623038944  
-0.3749621023  
-0.04728281572  
0.8531113385  
0.7861158625  
0.803725253  
0.8097023446  
0.5535298923  
0.3729288774  
0.1249958264  
0.004295790694  
0.9179028574  
0.9308035021  
0.4053677634  
0.6681837552  
0.7702733719  
0.2470542469  
-0.3176319447  
-0.7801817449  
1.011488177  
0.1795389152  
0.3639895767  
0.9006521634  
0.7498878878  
0.8613056632  
1.05823838  
0.1145075099  
0.6681619639  
0.4023598771  
0.431554325  
0.0339286715  
0.6035279856  
0.687327836  
0.2561359834  
-0.3172583887  
0.7921135667  
0.02591010735  
0.1075688775  
0.7423467943  
0.8162064389  
0.8281707838  
-0.03633804458  
0.2734006169  
0.8085181202  
0.4169559578  
0.3477568388  
1.318109885  
1.009362779  
0.6983338692  
0.2044757985  
0.1037287821  
0.4471444973  
0.3201702268  
0.2086233694  
0.1757977397  
0.2306070277  
0.3893273067  
0.6158363327  
0.1869979684  
0.89658781  
0.4697019995  
0.1523552367  
-0.081805731  
0.2283513921  
0.3700132098  
0.03401929894  
-0.07230008851  
