0.3518848814  
0.3091645688  
0.2320631151  
0.04661382637  
0.2075954345  
0.07568799714  
-0.4000801832  
-0.6050944848  
0.2430161957  
0.6870332209  
0.3844268192  
-0.1719764507  
0.2639998154  
0.3817713163  
-0.2689398501  
-0.6896747279  
0.03288320638  
0.8495183054  
0.5762375894  
0.9580664101  
-0.06023210044  
-0.6575027513  
0.2955500344  
-0.03449225879  
0.2590971615  
0.4733233641  
0.6489728629  
0.4262058149  
0.4178700026  
0.1568308913  
-0.410483373  
-0.4025644369  
-0.4058268324  
-0.2140766721  
-0.2447207076  
0.2601002746  
0.7663171228  
0.3670371596  
0.06747592015  
-0.04465675276  
-0.3514107683  
0.2571864657  
0.2134082247  
0.323213132  
0.6169391956  
-0.02962101604  
-0.4622241416  
0.08649616404  
0.858853495  
0.09623449041  
-0.07039605162  
-0.1318048017  
-0.1015992829  
0.2975914954  
-0.1272903325  
-0.4773100815  
0.07812505687  
0.4344037812  
-0.5980589302  
0.07953031087  
0.3349531925  
0.7441521247  
0.6298835521  
-0.1452744623  
0.1300719965  
0.1351046  
-0.5894140074  
0.02124615447  
-0.4791477111  
-1.106958754  
-0.4344399941  
0.2151013466  
