0.3118779549  
0.6125607008  
0.7057183522  
-0.764869786  
-0.6992829911  
-0.4233129652  
-0.2540142605  
0.2698368419  
-0.290704175  
-0.272727773  
0.2848214127  
-0.2879368853  
0.4807672469  
0.3937715982  
-0.1092291423  
-0.1826952417  
-0.002730288886  
0.3403970287  
-0.3527114844  
-0.1443923949  
-0.3413345061  
-0.01604230525  
0.07649389145  
0.1618639119  
-0.8466216345  
-0.211663414  
0.08312579519  
0.1966297179  
0.01876778626  
-0.08567693477  
-0.1560607396  
-0.2043782731  
0.5324337333  
0.4275672271  
-0.08298784161  
-0.2665234851  
-0.3290535845  
0.1301642291  
0.2012021159  
-0.727543011  
0.03154752521  
-0.1497837964  
-0.4061182553  
-0.2400561336  
0.02125955334  
0.1335088687  
-0.07126316154  
-0.2145390538  
-0.1548501855  
-0.6107478389  
-0.238356464  
0.1912182624  
0.4904283128  
-0.2065206215  
0.2225548705  
1.010381297  
-0.359790332  
-0.5452991211  
-0.8222509979  
-0.7827816798  
-0.4451084066  
0.3842413315  
0.05466402606  
-0.07921053822  
0.5457615258  
-0.1059634733  
-0.4057674569  
-0.4225111809  
-0.7385755103  
-0.2326385018  
-0.03758821043  
-0.06475912152  
