0.7415739988  
0.04561831096  
0.1656967425  
0.5149240721  
0.6686205315  
0.05082335519  
-1.104848719  
-0.9444055742  
-0.3704496448  
-0.1467755272  
-0.1921909077  
0.0938305847  
0.9513891002  
0.934374551  
0.4169402166  
0.045232196  
0.8007193459  
0.2744596632  
0.7139224993  
0.7361625374  
0.4437114761  
-1.183683162  
-0.1634459017  
0.0003516101523  
0.8818210234  
0.6181921802  
0.6562676406  
0.278488916  
0.6400913837  
1.031930421  
-0.6753428386  
-1.542436847  
-0.2504573729  
0.3857401256  
0.7416114835  
0.5918287823  
0.1684610192  
-0.4507611374  
-0.7407723307  
-0.1883505323  
0.2044948285  
0.9200893241  
0.4579416294  
0.05132541433  
0.2595657291  
0.4548388095  
-0.06151993494  
-0.2705931522  
0.5399486658  
0.3683434491  
0.7916728686  
0.8322841505  
0.5043610727  
1.062557882  
-0.1809584987  
-0.4283056945  
-0.4466451058  
-0.04042860591  
-1.197333108  
0.04567680665  
0.7960489757  
0.9226633906  
1.615953175  
0.6856858038  
-0.1823747456  
-0.2189345595  
-0.6348561713  
-0.1834360364  
0.7001882121  
-0.1847728226  
0.1723450289  
0.2922705057  
