0.2158809212  
-0.5207882217  
0.05974715399  
0.3812165523  
0.002013241382  
-0.2790838236  
-0.1701455073  
-0.1487451778  
0.441773948  
0.003904659705  
-0.162244772  
-0.1381644127  
0.35997635  
0.2829803149  
-0.06237121073  
-0.3564004723  
0.4863078779  
1.056755992  
0.5649031091  
-0.2217852375  
0.02391025081  
-0.8079585033  
-0.6372139861  
-0.3933827717  
-0.273906547  
-0.2201436998  
0.06580145912  
0.3537717854  
0.590635544  
0.062901288  
-0.3804685664  
-0.2108304589  
-0.5625208236  
0.06312125938  
0.517612861  
0.5748718957  
-0.3944032786  
-0.6416664418  
-0.5198121781  
0.1292345891  
-0.4884511087  
-0.06338898749  
-0.1568519262  
1.082728627  
1.111232928  
0.9485384781  
0.361131784  
-0.3747335279  
-0.9467875952  
-0.5710922411  
-0.1508923456  
0.239156703  
0.2630233845  
0.6341019469  
0.8080524771  
0.08063475432  
-0.4508422339  
-0.3619584137  
-0.2464672825  
-0.07568600561  
-0.006872692685  
0.2851411261  
0.265951574  
0.9104912222  
-0.7022307497  
-0.5852456021  
-0.7150240581  
-1.106185213  
-0.1409291933  
0.4204764173  
0.3204589442  
-0.1647955982  
