0.2063017764  
0.006999691473  
0.6116375434  
0.962141956  
0.3165678161  
0.05195583594  
0.357033466  
-0.116164033  
-0.8201569917  
-0.8591411304  
-0.9492544322  
-0.2246368927  
0.07743539264  
0.21531958  
0.1463166961  
-0.3846549725  
-0.7400107424  
-0.9640760748  
-0.4397604299  
-0.5361353328  
0.229036419  
1.364801562  
1.214282559  
0.1504556369  
0.08836377098  
0.4986991139  
0.1102760246  
-0.5341798242  
0.3756809925  
-0.2806823047  
-0.1024255421  
0.2256135895  
-0.386132004  
-0.5433828046  
-0.9584043424  
-0.5723189626  
-0.01112390339  
-0.3371264942  
-0.2453409502  
0.2202326302  
-0.391492547  
-0.8049925181  
-1.050207928  
-0.1973788174  
0.4303244091  
-0.05393530531  
0.06192995459  
0.2650081191  
0.3966310733  
0.4948325886  
-0.1606029472  
0.001346392655  
0.1853373736  
0.1983999462  
0.3520467317  
0.4102995299  
-0.5406755691  
-1.184117556  
-1.310337002  
-0.8840934291  
-0.1405475056  
0.08388445612  
0.5025594152  
0.3553064597  
-0.2767398616  
-0.3447189655  
-0.4185819178  
-0.04162011099  
0.3608851323  
0.6626634223  
-0.611983084  
-0.8013474667  
