-0.8993735  
-1.05336415  
-0.4596962472  
-0.008691679784  
0.5870028903  
0.7285451811  
0.1808591946  
0.16040128  
0.4581882683  
0.764896601  
0.3555668189  
-0.9006971125  
-0.4134410612  
-0.002125858256  
0.1728764592  
-0.2879957131  
0.3417244474  
-0.5559458866  
-0.3223844979  
-0.3676325769  
-0.08464383412  
0.04823216757  
-0.2457816491  
-0.672314845  
-0.1456436639  
-0.1694229165  
-0.1843642953  
0.3205896789  
1.290161161  
0.5207146986  
0.3465205047  
0.813730014  
-0.8789923203  
-0.6010843527  
-0.1656344117  
-0.6640826219  
-0.745287943  
-0.8336608804  
-0.4310230177  
-0.2573714052  
0.0197993313  
0.4828795338  
0.2162364268  
-0.369107621  
-0.09334416923  
-0.3295973887  
0.2518730113  
0.6454386986  
0.3798452694  
0.08930591268  
-0.1752295055  
-0.6279827958  
-0.8066735483  
-0.005018208274  
-0.2886389502  
-0.5255116444  
-0.3544604182  
-0.2511114678  
-0.094613876  
0.04772921142  
0.1202715703  
0.4929943908  
0.4887069824  
-0.2390093733  
-0.03628577625  
-0.2478576844  
0.03541490906  
0.01241844265  
0.5201722034  
0.2576485861  
-0.5806101826  
-0.5458024283  
