0.5656257639  
0.477322007  
-0.06326475658  
-0.03636906263  
0.3479691116  
0.5964433678  
0.5932734576  
0.1318460461  
0.7527009336  
0.08889797505  
-0.02705412869  
-0.08478384866  
0.02802745303  
0.574179993  
0.2345619025  
-0.7076671474  
0.7032980859  
0.7578854139  
0.3473694445  
-0.08782960018  
0.3097817109  
1.076311092  
0.4390659779  
-0.4130990614  
1.280957637  
-0.03935117809  
0.2193575867  
0.4200885466  
0.5314698778  
0.8697377093  
0.401579156  
-0.106207559  
0.3624576267  
0.2223849466  
0.2928815836  
0.2650505514  
-0.01060030144  
-0.02860329653  
-0.02613096982  
0.1274673342  
0.5649286004  
-0.2931489664  
0.1824851093  
-0.189193782  
-0.0579095888  
-0.1481027468  
0.8976465892  
1.055084917  
0.7315941528  
0.4495689298  
0.2071349937  
0.1984137501  
-0.1445888343  
-0.2117278308  
0.3496032431  
0.342498818  
1.243368209  
0.8365148059  
0.2843778438  
0.1232184248  
0.06703932797  
-0.593015397  
-0.2706112272  
0.1383781948  
0.4687490801  
0.3708958011  
0.1204225528  
0.1335176592  
0.378751488  
-0.1311596865  
-0.1051154008  
0.326231475  
