0.2108828061  
-0.1897114047  
-0.211325739  
0.591795868  
1.47063332  
0.3706898646  
-0.7190929734  
0.1447807515  
-0.03230903619  
0.3752618965  
0.7029628445  
0.6458404185  
0.4672353108  
0.1202701758  
-0.1296534163  
-0.2623268414  
0.3854108208  
-0.03374247542  
-0.005978123162  
0.008244963069  
0.01251900618  
-0.08162616507  
0.3442661864  
0.3228735642  
0.4411963642  
0.5933271829  
-0.05689431548  
-0.5071508966  
-0.1447331352  
-0.2037411732  
0.562372013  
0.857367143  
-0.1709785059  
0.5339814285  
0.5396162692  
0.7098569905  
0.5771142023  
-0.1439882122  
-0.181812371  
0.7624220679  
-0.001349475976  
-0.5012421136  
-0.1824711436  
0.07346725797  
-0.1251058504  
-0.05889366965  
0.4862796484  
-0.1967521136  
0.7345687363  
0.5102823141  
0.8633122009  
0.3629194005  
0.4637193501  
0.3856143983  
0.1920812377  
0.7892557157  
0.1459372992  
0.09552805341  
-0.524719952  
-0.01383037164  
-0.215801109  
0.1683582008  
-0.2882836397  
0.09250774215  
-0.5116524152  
0.1006822731  
-0.2695609674  
-0.2526549901  
0.4459524354  
0.9228476359  
0.263919484  
-0.2153121946  
