0.1910293251  
-0.03911108259  
-0.1812617144  
-0.1385699133  
1.119402574  
-0.06128836266  
-0.4608447971  
0.2477829978  
-0.6124908108  
0.09382006251  
-0.04455521997  
-0.1392106935  
-0.1833923023  
-0.1758289886  
0.5053255919  
0.8837296171  
-0.8486608577  
-1.005924876  
-0.908821913  
-1.184306056  
-0.02611486104  
1.487913907  
1.589195424  
0.3424148887  
0.7698403816  
-0.3115627315  
0.1867838733  
-0.4100384065  
-0.3462229499  
0.09100172502  
0.9528691408  
1.391138029  
-0.5637717551  
-0.4580729698  
-0.261086884  
0.01159252403  
-0.1803523622  
0.01376208428  
0.3007261193  
0.7460234381  
-0.4944803665  
0.07147987113  
-0.5501079202  
0.2318640955  
0.846865193  
-0.3941379154  
-1.292206699  
0.2030011851  
0.4815602838  
0.2507370554  
-0.2009065304  
0.1858278446  
0.5870492294  
0.3780476564  
0.05169255737  
0.4919295546  
-0.6071234879  
-1.16138694  
-0.429696696  
0.1512316963  
0.9107496533  
0.554075874  
1.031397618  
0.6693524995  
-0.6780074505  
-0.3225499427  
0.03712681951  
0.04868073369  
1.136433254  
0.3344312765  
-0.6810909644  
-0.7105459089  
