1.702287826  
0.860412742  
0.4486914175  
0.139091923  
-0.4606108259  
-0.5659014283  
-0.5190101658  
0.2992116636  
-0.6336507649  
-1.054110371  
-0.3219093743  
0.4343639661  
0.2266987217  
-0.2374685987  
-0.5454182262  
-0.2021802738  
1.030789111  
0.1881978351  
0.3406633746  
0.7164501685  
0.2808868656  
-0.1802799438  
-0.1408679085  
-0.2900059734  
0.2052952984  
0.03088134292  
-0.3113089036  
-0.2923318779  
-0.7547917597  
-0.7108137464  
-0.414792788  
-0.9196745267  
0.9410279495  
-0.4686757565  
-0.7197427169  
0.3124419306  
0.9193354557  
0.7406443456  
0.0412897948  
-0.1519688674  
0.2839019024  
-0.03212009802  
-0.5858335721  
-0.1008644604  
-0.2922163366  
-0.5478771442  
0.3920135529  
-0.03641145838  
0.06078949492  
-0.4747036672  
-0.6298082126  
0.02645364217  
0.1908373446  
0.01566318932  
-0.2471848508  
-0.02773846372  
-0.3930955663  
0.1796588664  
0.8722402663  
0.6800148166  
-0.06875532258  
-0.5065269549  
-0.1541778306  
-0.3894133484  
0.7483268427  
0.4263673623  
0.2401513246  
0.9043886226  
0.3977367098  
-0.08857721859  
-0.7278222469  
-0.6354197326  
