0.6076790893  
0.2869333613  
-0.1177348686  
-0.6976488427  
-0.5180126414  
0.4169126014  
0.6075896317  
0.7492795301  
0.03353162453  
-0.4646547238  
-0.3465387385  
-0.1626055657  
-0.1344297272  
0.4332126992  
0.06301374655  
0.5445089176  
0.2611303466  
-0.4171539863  
-0.2531641977  
-0.01651735604  
0.3461465475  
0.4126494075  
0.2271778925  
-0.1598986072  
0.5861102217  
-0.1401956671  
-0.716180097  
-0.2679146178  
-0.2429637395  
-0.09985082991  
0.2506389847  
-0.4559500106  
0.2366594677  
0.1575470884  
0.1678425094  
0.1425518898  
0.2144938543  
-0.09183578404  
-0.07115285388  
-0.2463519605  
0.2270369138  
-0.1550346525  
-0.376215998  
-0.2102736857  
-0.4762979703  
-0.1308122165  
0.04709395923  
-0.1348098261  
0.01022015108  
0.08967982791  
0.1468661071  
0.6170572504  
0.136933958  
-0.06365009599  
0.3463669072  
0.01107875567  
0.1711389632  
-0.1653500297  
0.07830634203  
0.1722975867  
-0.2873114318  
0.32782306  
0.2149943989  
-0.5255495281  
0.5807665301  
0.003227462992  
-0.03186349237  
0.1264369307  
0.1423404106  
0.1508287404  
-0.1305493679  
-0.6031946385  
