0.4347123752  
0.4697929186  
0.2139158394  
0.1098002643  
0.1172719738  
-0.1922552941  
-0.09212066763  
0.326949007  
0.3640216256  
-0.03161082534  
-0.6525278595  
-0.2924654368  
-0.201008779  
-0.4205243897  
-0.04864022865  
0.637266277  
0.4045919384  
0.1913695646  
0.437228217  
0.4391664996  
0.3282395647  
-0.3535158308  
-0.2181750506  
0.3723133959  
-1.388198185  
-1.080163121  
-0.06989545689  
0.457436739  
0.3066231333  
0.2679415182  
0.1106801709  
0.1385607288  
0.3838757709  
-0.06870655186  
-0.4277270998  
-0.5749592747  
-0.4379979152  
0.4254840885  
0.69422379  
0.00106344823  
0.3055295092  
0.4008668916  
-0.2105254226  
-0.07855904629  
-0.1665275487  
0.31685622  
0.07993282809  
0.3151366873  
0.09847044153  
-0.07722114027  
-0.3020050691  
-0.2201769646  
-0.4046265387  
-0.4965232359  
-0.5835067558  
-0.8388197768  
-0.1285405645  
0.07255885142  
0.602643149  
0.4629735766  
-0.1476985547  
0.91916778  
0.5447922791  
0.09582934935  
0.245112121  
-0.1578167527  
0.02693043892  
0.0577221678  
0.5795756262  
0.100478487  
-0.3739641035  
-0.1138622304  
