0.8344894455  
0.4085128299  
-0.4186650967  
-0.4609940598  
-0.1114247362  
0.1802140343  
-0.3234981119  
-0.4003695361  
-0.2831522038  
-0.7871822748  
-0.4188364562  
-0.163310149  
-0.1131248553  
-0.2927363508  
0.04486816087  
-0.06662986502  
0.6787270837  
0.03919651575  
-0.3151627971  
-0.4855739162  
-0.6476782968  
-0.2563741327  
-0.1848593314  
-0.8050460861  
0.3430788515  
0.8796648138  
-0.06079516548  
-0.7702208452  
0.1121686799  
-0.4205190917  
-0.3826013553  
-0.19990097  
0.5488416984  
-0.5873864727  
-0.5464213038  
-0.3933129797  
-0.1759481835  
0.294858524  
-0.04487018656  
0.4682406373  
-0.5794116361  
-0.9217996909  
-0.688002756  
-0.1799024934  
-0.4796774849  
-0.3830870859  
-0.2935788231  
-0.4551607623  
-0.4731192506  
0.2358506409  
-0.07121364596  
-0.09899201274  
0.2991577403  
0.381118564  
-0.4110764045  
-0.3134282535  
-0.08045102129  
-0.3703079081  
-0.3795045622  
-0.1885848753  
-0.5549707095  
-0.2170887412  
-0.5361832774  
-0.435327798  
0.9984562467  
0.3931632118  
-0.113224423  
-0.4344263444  
-0.4868572405  
-0.4036918314  
-0.4881221159  
0.137869642  
