0.1705929077  
0.01299407484  
0.1590631763  
-0.1437571868  
-0.004655693595  
0.4268305319  
0.3148026905  
-0.2435524648  
0.7022808296  
0.3843846421  
0.03629793186  
-0.04878295321  
-0.07144377163  
0.2724295059  
0.4435792826  
-0.1351781564  
-0.1096550808  
-0.3757268843  
-0.3910012573  
-0.2033541526  
0.4513169607  
0.5490903841  
0.8552379902  
-0.2568364625  
0.741373824  
0.1021484805  
-0.005485421231  
-0.2736409471  
-0.554754443  
-0.08393218454  
0.5192980373  
0.3651996683  
0.3221684008  
0.2336406601  
0.05221061637  
-0.07477136822  
-0.317599559  
-0.1919000215  
-0.3152737727  
0.06559964142  
-0.009655709868  
-0.08112828312  
0.01512952011  
0.1284308016  
0.3773418092  
-0.3294936474  
-0.1171818661  
0.5199123394  
0.2571215196  
0.189253619  
0.4620152285  
0.1948276352  
0.3939188813  
0.3057235627  
-0.03462835044  
-0.582017749  
0.2142703312  
-0.02635722151  
-0.3476137379  
-0.3383003821  
0.4407875237  
-0.02035537995  
0.1545882182  
0.09928589276  
0.4706351763  
-0.02709923434  
-0.1891069203  
0.0415390067  
0.1704963144  
0.425143618  
-0.2873342077  
-0.8710651852  
