0.134235088  
0.03830223354  
0.1715301593  
0.2302071627  
0.2128851783  
0.2514071484  
0.09803182455  
0.9113717773  
1.261389781  
0.5619916692  
-0.05430736314  
0.1301160358  
0.7166213577  
0.7981763283  
-0.8814013952  
-0.4358998825  
0.4695576163  
0.1121921171  
0.2368693407  
0.3379925768  
0.4026051254  
-0.104146913  
-0.1525400237  
-0.5926520738  
0.00193810061  
-0.7352501367  
-0.6484224632  
-1.105978823  
-0.1633406083  
0.5161622547  
0.9346507084  
-0.08623682874  
0.746287564  
0.9091102489  
-0.2530633945  
0.5251074449  
0.4516993829  
0.710772974  
0.7213276883  
-0.07037169563  
2.229462435  
0.9233069267  
0.360424257  
-0.01547176111  
-1.234740073  
-0.9750824785  
-1.069023507  
-0.463348248  
0.0932812951  
0.005752610533  
-0.6207372887  
0.3423483074  
1.022733823  
-0.3174895402  
-0.9917878893  
-0.7230143163  
0.6406656193  
0.07152303245  
0.520055087  
1.154058702  
0.4478812321  
1.175305611  
0.1185590437  
-0.05138028225  
0.3979161923  
-0.3177821009  
-0.5836266122  
-0.9437535959  
-0.02775155204  
-0.4357263237  
-0.4576518669  
1.198631376  
