0.1383006251  
-0.1951765669  
-0.1522490884  
0.4112247919  
0.2953140779  
0.03382329162  
-0.2929073854  
-0.01167685735  
0.3914517445  
0.3969640983  
0.1401742407  
0.04575046995  
0.4484358485  
0.2498472566  
-0.0922821968  
0.1423747587  
0.3228183067  
0.2532515054  
0.5329898933  
-0.1925352102  
-0.2410634448  
-0.3336663836  
0.007119510715  
0.08697527373  
0.1369398942  
-0.3402933212  
-0.0310064365  
-0.1963460485  
-0.1087202936  
0.07045883551  
-0.24294782  
0.04822727959  
1.064295173  
0.164168315  
1.047193954  
0.7519857413  
0.07427137482  
-0.2797800436  
-0.3076054736  
-0.1187802032  
-0.4464065636  
-0.141334778  
0.3089426499  
0.1217502316  
0.02108857712  
0.09187534648  
0.04730450225  
0.02792383181  
-0.06126132411  
-0.1935447309  
0.02248346727  
0.5948857003  
0.4474166443  
-0.04381619511  
-0.2460626311  
-0.2952170608  
0.2914011028  
0.08760596459  
0.07553482369  
0.4166441162  
0.4321746077  
0.137952482  
0.4857191343  
-0.08361642416  
-0.1857498912  
0.0676612603  
-0.1609041471  
-0.5364984078  
-0.1503207503  
0.4951008637  
0.8135741761  
1.004465867  
