0.08633436106  
-0.3779550277  
-0.8435775139  
-0.753414202  
0.03432977342  
0.1602282279  
-0.01156249157  
0.3758434128  
-0.4232227563  
-0.05652134939  
-0.02474658885  
-0.07175617518  
0.226615126  
0.3344069526  
0.1785034553  
0.5537734198  
-0.1235445568  
-0.6691262061  
-0.5861886584  
-0.1965439327  
-0.1089202922  
-0.5101715252  
-0.3176668729  
0.6790397507  
-1.252868192  
-1.45383557  
-0.6074998955  
0.2913503952  
0.0150546709  
-0.3832275574  
0.2339159338  
0.7601182987  
0.1075828454  
-0.212547325  
-0.03285071999  
0.6003431402  
0.4100337173  
0.2724428678  
0.4155849381  
-0.6286053587  
0.07886484319  
0.3351656621  
0.01930337845  
-0.238195523  
0.003229952515  
0.02057700635  
-0.09962017677  
-0.1515261801  
-0.4040080936  
-0.4989788589  
0.02373537245  
-0.1323378316  
-0.4397761442  
-0.2495768358  
-0.3301165407  
0.2971762976  
0.4158268712  
-0.1386307823  
-0.4365187614  
-0.06710843705  
-0.2926454943  
0.7251079447  
0.739563771  
-0.2161467027  
0.4013081366  
-0.608435516  
-0.4528137507  
-0.01992101869  
-0.2719833119  
-0.2669885455  
-0.2502838791  
0.04506696688  
