-0.2910796525  
0.3110311349  
0.8704561632  
0.4046308798  
-0.2902892316  
-0.2368363947  
-0.144713021  
-0.01795210887  
-0.1346104689  
0.2861792993  
-0.07341089591  
-0.2627546155  
-0.01093909856  
0.09891311084  
0.4660416522  
0.3511485075  
0.06805230138  
0.1804412242  
0.2594958145  
0.1114161709  
-0.02795553163  
0.2179233317  
0.2928071261  
0.02587803267  
0.6743251181  
-0.04981281112  
-0.4529617361  
0.041061032  
0.07736290064  
-0.1741211528  
-0.2795433964  
0.09577456168  
-0.08841690739  
-0.1172682237  
-0.1453530848  
0.3769521956  
0.197471995  
0.07068273227  
0.07411294526  
0.2815237681  
0.6063540701  
-0.01366473851  
-0.1807121566  
-0.3359804247  
-0.0491551718  
0.2218111089  
0.4388041515  
0.2167856185  
0.04073040646  
0.2101676289  
0.1094951771  
0.249398589  
0.2968929574  
0.005792149947  
-0.3103908031  
0.1203043607  
0.4211131653  
0.1425346403  
-0.17449171  
0.03142714019  
0.3194707925  
0.1312785967  
0.1082776272  
0.02207179895  
-0.1768265398  
-0.1445023139  
0.1396665253  
0.2619883469  
0.02803671251  
-0.040025218  
-0.0573044068  
0.04397135562  
