1.361044769  
1.48158305  
-0.6262056526  
-0.6805859326  
0.7931484  
0.9355503768  
0.780179844  
0.01716815739  
0.6132694283  
-0.5123270276  
-0.5934105476  
-0.7227855556  
0.1915091187  
1.100605705  
0.3822579839  
1.01523749  
1.576047699  
1.478091841  
0.5686754224  
-0.3149208777  
0.7501774587  
0.7502134392  
0.2453665161  
-0.9704165874  
0.7083355175  
-0.377605443  
-1.094187276  
-0.1561510229  
0.2396017722  
0.2170660027  
1.650766725  
0.8549825314  
0.6735768561  
0.07885960671  
-0.785619824  
0.7645916966  
0.003276557122  
0.05525182933  
-0.06922322904  
0.2195607216  
0.7133995416  
0.573795315  
0.9083200503  
0.6725063378  
0.2933351978  
-0.2070292515  
0.332163171  
-0.5890867647  
0.1430867393  
-0.6230577968  
0.1187785017  
0.01726338728  
-0.8199090819  
-0.4272552817  
1.716234167  
1.26569469  
0.9285297306  
-0.01137630641  
0.2338633459  
0.7662237626  
0.5024741547  
0.6521680226  
0.5243896281  
0.1158056946  
1.055894166  
0.6225868692  
-0.1016466596  
0.4681393977  
0.3307353046  
-0.0301377736  
-0.6090396237  
-1.159971741  
