0.3064255432  
0.313079642  
0.03364505697  
-0.5292755075  
-0.4484979642  
-0.1011258513  
0.4318000615  
0.1542615565  
0.1518275886  
-0.06807518045  
0.03442171696  
-0.2350950031  
-0.2929813477  
-0.1722677766  
-0.1171383171  
-0.4061096671  
-0.2062969031  
-0.06832055551  
-0.4737429731  
-0.002395334016  
0.7808588139  
1.224220566  
0.1067336659  
-0.3864044014  
-0.1645334496  
-0.1376766304  
-0.3039041499  
-0.3601871047  
-0.320532028  
-0.4077634537  
-0.2977044292  
-0.1681634156  
0.04411572492  
-0.1121445524  
0.04153904652  
0.3447551786  
0.414864184  
0.4206294355  
-0.212459895  
-0.2972600175  
0.1173355619  
0.1042697986  
-0.4886420571  
-0.3839902901  
0.1508291172  
0.194641254  
-0.3887319694  
-0.5296555514  
0.01329628927  
-0.2949410987  
-0.09122717845  
-0.000436878224  
0.3628546775  
0.1206287616  
-0.1480559442  
-0.1734347552  
0.1921547098  
0.1405414892  
-0.009717900502  
-0.2774203644  
-0.6685140353  
-0.7379041114  
-0.3310409594  
0.3386017853  
0.3604357488  
0.4586677126  
-0.1065143096  
0.04004802672  
0.1464378469  
-0.159955775  
0.5039273193  
0.05967089421  
