1.398270961  
0.09095309302  
-0.05515318168  
0.5868141698  
0.6467420855  
0.09394124386  
-0.3485493711  
-0.4396845177  
0.9800595186  
1.029382175  
0.3552459076  
0.1158338178  
0.04616812577  
-0.19465998  
-0.593236329  
-0.8200759409  
-0.02941418263  
0.4585522068  
0.5415899161  
0.6081089766  
0.3883583283  
0.1557520956  
-0.6036261112  
0.9738875847  
0.4818139779  
-0.5421021173  
-0.08142971071  
0.2091659376  
0.4611322182  
0.4984061024  
0.04871207711  
-0.06155829759  
1.025385384  
0.8323285737  
-0.2839196448  
0.03432161292  
0.4407882565  
0.547046279  
0.1808027098  
-0.3039611517  
0.4590849586  
0.6406397618  
0.5211354588  
0.07597101833  
0.3255353893  
0.5858209402  
1.054773484  
0.6118621625  
-0.3189919611  
-0.3872929848  
-0.502975885  
0.3663048897  
1.46048716  
1.486490421  
0.9070224436  
0.2413185713  
-0.01815473053  
0.5878450623  
-0.1401669211  
-0.04109266414  
0.1522706633  
-0.5587498254  
-0.2815797382  
0.1118690999  
0.05672643177  
0.1404678345  
-0.302638934  
0.1573836905  
0.8816013552  
0.6314137888  
0.1246921579  
0.3010984832  
