0.2083848237  
0.2303764461  
-0.07092524401  
-0.5319053672  
0.06669548232  
0.5163836205  
0.7600618468  
0.00348753536  
-0.4501694791  
0.06569583953  
0.6696954242  
-0.1929833909  
-0.5213380054  
-0.4595941582  
0.3029386  
-0.1191520539  
0.04824022294  
0.5901122338  
0.4899948906  
0.3712063928  
0.5676291774  
0.2569661924  
-0.2956569612  
-0.4257740607  
-0.1696013902  
-0.2463838389  
0.05577447675  
0.03073238425  
-0.6788096041  
-0.1243497585  
-0.2089279136  
-0.2657231936  
0.2492261668  
0.6877224877  
0.4210474499  
-0.1149872135  
-0.4927757478  
-0.2080467815  
-0.0009008714635  
0.6027405444  
0.3097695985  
-0.01670235925  
-0.2589169842  
0.1128199855  
-0.2502314973  
-0.5742802735  
-0.3751893789  
-1.082060718  
0.3248086705  
0.556762173  
0.6611306226  
0.4047680073  
0.1871117448  
0.09885428218  
0.2511331234  
-0.3016356391  
0.1223139551  
0.06383626357  
-0.0779754488  
-0.6076861352  
-0.8264858568  
-0.2326833049  
0.1470704399  
0.2140729756  
0.6725593063  
0.9758106048  
-0.3362916996  
-0.4245531452  
0.02967331881  
0.1961717687  
0.1403057058  
0.1857131465  
