0.339286054  
0.1174937429  
0.2952705005  
0.1898398885  
-0.01739366454  
0.1740715741  
-0.1456663502  
0.03021834879  
0.6622927712  
0.3766649184  
0.1215599003  
-0.05530218915  
-0.3656982644  
0.2305370005  
-0.3371189827  
-0.3974950289  
-0.1535231951  
0.2821559792  
0.2176169963  
0.3502006749  
-0.5757440857  
-0.4029293966  
0.3419493425  
0.5331427799  
0.4583058855  
0.2226744575  
0.09441977461  
0.2990680858  
0.4288064559  
0.03555115713  
-0.09779171935  
-0.1245340962  
0.08900512324  
-0.2224432807  
-0.1520021102  
0.7174058251  
0.6513497566  
0.6206941318  
0.2150201676  
-0.1701076263  
-0.5777802414  
-0.1398884077  
0.6489577288  
0.7360375773  
0.5225869886  
0.2960794817  
0.6932459676  
0.8445918352  
-0.4361060875  
-1.007134691  
-0.7595865225  
-0.3416274043  
0.8415782005  
0.3130815569  
0.3170551077  
0.2897250183  
0.309485236  
0.1928294817  
0.4527439944  
0.8907263582  
0.2828551858  
-0.1890339532  
-0.3806238745  
0.005958276666  
-0.07739837616  
0.1428693958  
0.2513237015  
0.05847200541  
0.2432098732  
0.71613965  
0.2896220955  
0.1074313195  
