0.3492416515  
-0.4663689683  
-0.4374469854  
-0.4543235806  
-0.1796417467  
0.1688586118  
0.2893603876  
0.3853735887  
0.1808934263  
0.2319888708  
-0.2411701495  
-0.2880962186  
-0.5789510842  
-0.2687456305  
-0.2623850749  
0.03806697626  
-0.4737873696  
-0.1242391904  
-0.06266814706  
-0.007142108522  
0.02845000484  
-0.4252920637  
-0.7675750459  
-0.1385769307  
0.1542881435  
-0.6225454986  
-0.8040806268  
0.001673390991  
-0.02639241022  
-0.5718921741  
-0.01793995176  
0.2201303588  
0.1735718415  
-0.2689740549  
-0.316528688  
1.466586537  
1.015354167  
-0.3691365926  
-0.7636487076  
-0.4826660215  
-0.889070899  
-0.4638595045  
-0.1182913208  
-0.5731455663  
-0.1003973159  
0.3480589504  
-0.2700989064  
-0.08002404503  
-0.4120695444  
-0.1960233686  
-0.3752717123  
-0.1712455411  
0.5716836515  
0.4675592427  
0.5225297417  
0.07929434073  
0.11474995  
0.413240597  
0.6581185449  
-0.5411474038  
-1.542450499  
-1.440471114  
-0.7668181757  
-0.5611074778  
0.05759152264  
-0.6538503124  
-0.6492594071  
-0.7477161692  
0.09981322561  
0.266023507  
-0.2551783573  
0.3304234643  
