-0.1334250855  
0.5000428527  
0.8663327101  
0.4841301358  
0.1261625161  
0.298011466  
0.4501461399  
0.4816466536  
-0.2425734617  
-0.1937180494  
0.3129130281  
0.5244775445  
-0.06048505811  
-0.6634972011  
-0.2037894663  
0.1620308912  
0.3141935545  
0.1446410922  
-0.1290654378  
0.09670314169  
0.5543581271  
0.4038118125  
0.02669495934  
-0.08857636517  
0.3555324141  
0.395996779  
0.1643155996  
0.3259522814  
0.2233606835  
0.1494129827  
0.05097616215  
0.1838639111  
0.4080211807  
-0.01006739264  
0.2844524768  
0.2515796565  
-0.01839848846  
-0.2218475484  
-0.4154891081  
-0.2620276506  
0.2631943324  
0.1156832206  
0.7069225174  
0.904371024  
0.3255878888  
0.15597636  
-0.2650870116  
-0.2468243  
0.02466238985  
0.2883122413  
0.6349304876  
0.04652033936  
0.1794373212  
0.2549228024  
-0.05499340116  
0.319758967  
0.2886349251  
-0.04021500317  
0.1494663577  
-0.7178556165  
-0.402803144  
0.1398660878  
0.4228953359  
0.02910501744  
0.6486693386  
0.02141454717  
-0.007587394173  
-0.1640906931  
0.3058959021  
0.4559411675  
0.321185016  
-0.1299652505  
