0.6126338592  
-0.07328470345  
-0.5037718075  
-0.4778903497  
-0.6309508746  
-0.2993118254  
0.09194971817  
0.2227678907  
-0.003421988632  
0.5236709408  
0.1686190559  
-0.1773905502  
-0.5256362118  
-0.1750923801  
-0.1927557543  
-0.2470516617  
-0.754791875  
-0.6674430992  
-0.5927616781  
0.2795512136  
0.05836010136  
-0.4349718  
-0.3834358194  
0.6836871677  
0.1307922149  
-0.308785155  
-0.3035802108  
-0.1104770034  
-0.3275480851  
-0.1344126063  
0.3699291924  
0.09722089444  
0.01108045837  
-0.3011745338  
0.1465443479  
0.1325629339  
0.01144940396  
-0.3799125748  
-0.04977595571  
0.1157537554  
-0.1989632972  
0.198908398  
-0.02846748774  
-0.2667717212  
-0.1925465841  
0.7419920007  
0.08761665656  
-0.3377941182  
0.1369949047  
-0.03013424379  
0.008251954262  
0.2596464251  
0.4454867805  
0.4412061847  
-0.05763152841  
0.01749767696  
-0.2655531284  
-0.5784257758  
-0.3689095825  
0.1930173039  
0.117407041  
0.1221181076  
-0.2584208306  
-0.1680921747  
-0.7255606822  
-0.3386075701  
-0.3025403319  
-0.4183171294  
0.1856222184  
0.4188244955  
0.1829656702  
0.3001554667  
