0.4131396882  
0.7720911556  
0.1124642733  
0.2875655407  
0.2456572934  
0.1990476809  
0.02906117471  
-0.1550036939  
0.3390868945  
0.02000458085  
0.6931040856  
0.09800152559  
-0.05245584759  
-0.12015592  
0.07737389128  
-0.2393028309  
-0.4320054603  
-0.1419949477  
0.3818407142  
1.045321848  
1.035683879  
1.16771114  
0.6277919251  
-0.4483088545  
0.1873045699  
-0.8651355219  
0.2884220359  
0.5861418098  
-0.63382934  
0.5767572844  
0.1578964324  
-0.5333540275  
0.4287895921  
0.6270863194  
-0.4808371673  
-0.2813734883  
0.5817787094  
-0.03321116653  
-0.1418789115  
0.7726120133  
0.5609227408  
0.4308649231  
0.001289678247  
-0.3970509764  
-0.594120475  
0.01785993341  
0.3000484085  
-0.4072785619  
0.6186412322  
1.191224964  
0.7233766108  
0.3262824305  
0.7244227858  
-0.6163725512  
-1.343752759  
-0.5161538348  
0.2064336474  
-0.4669344692  
0.2351148411  
0.384547283  
-0.05408510715  
-0.2277258866  
-0.24104939  
-0.3407579767  
0.8905516333  
0.3985242655  
0.100594399  
0.1631690401  
0.837294825  
0.9981341935  
0.05728805928  
-0.2837197102  
