0.5708332211  
0.4393570103  
0.4580957622  
0.5679063022  
-0.05559146452  
-0.01237620147  
-0.05355332078  
-0.3416058257  
0.6124838553  
0.3968747532  
0.4114612709  
0.3425117859  
0.2340101868  
-0.01214029363  
-0.2769172135  
-0.1232207469  
0.3137576011  
-0.08618590305  
-0.3078228926  
-0.3524528537  
0.2586520722  
0.7456512198  
0.1125628097  
0.1372163831  
0.2663587257  
-0.03476762318  
-0.005761996792  
-0.1946425737  
0.02394240842  
-0.06892641645  
-0.03010575264  
0.1357610138  
0.01656605647  
-0.4315181989  
-0.1601927342  
0.7251060217  
0.9469396369  
0.6023278438  
-0.0008743884682  
-0.001071227947  
0.2614979687  
0.3815539027  
0.1589821894  
0.06997986836  
-0.281773233  
0.1925554756  
0.3769912395  
0.1156309144  
-0.3863259353  
-0.3754508181  
0.04941878731  
0.1310397895  
0.4922877893  
0.2485270706  
0.258455397  
0.3297778005  
0.07789371829  
-0.07986671636  
0.1967770287  
0.4280416331  
0.196573421  
-0.1033342249  
0.1611420842  
0.07679540889  
-0.2625582462  
-0.4074979498  
-0.1119325902  
-0.2544305043  
-0.2574226059  
-0.2911884818  
-0.006107048132  
0.2422603245  
