0.3575604631  
-0.2396010655  
-0.7346981366  
-0.3275045359  
-0.03224645006  
0.5203099992  
0.1000734844  
0.04170358088  
-1.337950442  
-0.3539549632  
0.981278702  
0.4803100848  
-0.107567203  
-0.378024144  
-0.4425347854  
-0.8039264481  
-0.09771771592  
-0.3269132538  
-0.1063960041  
0.7341988588  
0.7669053291  
-0.2848166588  
-0.05158591501  
-0.01401071895  
-1.439400752  
-0.8055823255  
-0.667496683  
-0.3289017502  
-0.2573445099  
-0.461693936  
-0.6136139589  
0.01130329347  
-0.3491897787  
-0.2126807366  
0.1625183342  
-0.04300360769  
-0.2835306072  
-0.3650605869  
0.01352789535  
-0.4243294233  
0.2139941729  
-0.03260868866  
-0.002678507865  
-0.5877662987  
-0.640940182  
-0.7903557162  
-0.4775554142  
-0.3951299318  
-0.9994999451  
-0.6568093782  
-0.3963827948  
0.02572173037  
0.6392885214  
0.4137840151  
0.1496666344  
-0.2866488723  
0.4063830189  
-0.09772268977  
-0.8353264008  
-0.8443901137  
-0.7749062001  
-1.087192298  
-0.1668553987  
0.004505545293  
-0.2609103029  
0.0363691743  
0.0245587003  
0.3129887662  
-0.5409381738  
-0.570068612  
0.1180291654  
-0.1051559074  
