0.132996494  
0.1094335894  
0.1304017303  
0.09239519858  
0.2129109798  
0.5445404986  
0.5732556112  
0.2693420502  
-0.06969737134  
0.99204994  
0.1491105064  
-0.8165023539  
-0.8551045121  
-0.4898755574  
-0.3382829842  
0.8302943312  
-0.03486261223  
-0.6962914144  
-0.3445274735  
0.6144807255  
0.982637216  
0.5989195396  
0.01553793896  
-0.6816403947  
0.3025725511  
0.2354054928  
0.04111735665  
0.01228369667  
0.9834645147  
0.2857207215  
0.07035798227  
0.03343939463  
-0.569249795  
-0.4846763115  
0.5841824892  
0.9103316089  
0.2390418589  
-0.06135415987  
0.6084289561  
0.9449833412  
0.5081147144  
-0.1132292913  
0.4667821192  
0.5662601228  
-0.1240162763  
-0.5810439062  
-0.215615596  
-0.200147086  
-0.1901520067  
0.6107179932  
-0.07130629138  
-0.252736813  
-0.4813833912  
-0.8754134283  
-0.5312678656  
-0.3684901004  
0.5226121905  
-0.6329572715  
-0.66517163  
0.4146261435  
1.086496036  
0.6321573719  
0.3028740524  
0.06837437106  
-0.08661305414  
0.1271326346  
-0.2070270604  
0.1824317253  
0.0783746566  
-0.2750154291  
-0.7445093465  
-0.1940630541  
