-0.1648325892  
-0.09459263724  
0.1308988725  
0.1410689187  
-0.05872437353  
0.6378410948  
0.434081634  
0.4173875376  
-0.4121207004  
-0.5325373822  
0.3086953653  
1.071292057  
0.3557789682  
0.4181645518  
0.3140913674  
0.3515622541  
-0.7098082634  
-0.5460688284  
0.344082058  
1.102415945  
0.8944398899  
-0.3290022107  
-0.4359564654  
-0.06920398487  
-0.5488421192  
-0.6240070677  
-0.4676211768  
-0.3430872133  
0.09294646184  
0.02055448071  
0.2031325576  
0.6009375615  
-0.8910329057  
0.7961702636  
-0.4625092437  
0.4653871567  
0.8151932193  
-0.06933047392  
0.4414663843  
0.2655724467  
-0.3247919135  
-0.2729275408  
-0.6137216643  
0.3118682375  
0.1772001121  
-0.06219539169  
-0.3602147893  
-0.2531622723  
-0.8091428678  
-0.06173394513  
-0.3001891051  
0.2188897288  
1.5818828  
1.702436925  
0.5944870658  
0.04344400803  
-0.5139639222  
-0.4840937086  
-0.7050078605  
-0.3611854856  
0.545633942  
0.650664877  
0.5591871746  
0.4732927425  
0.2101276515  
-0.04545444708  
0.04307751131  
-0.1904282679  
-0.3621816839  
-0.889727908  
-1.185674307  
-0.159967472  
