0.01192999988  
-0.1373711919  
0.002460660728  
-0.04763703869  
-0.05649061533  
0.2097936864  
0.4433896616  
0.0584870287  
0.2746523518  
-0.04181373417  
0.160800997  
-0.1510140713  
-0.3805216009  
-0.5358722411  
-0.528559077  
0.01676396475  
0.0279194797  
-0.3591105315  
-0.2814024353  
0.1679269762  
0.3629830483  
0.3106901529  
0.2002772881  
-0.07074390296  
-0.06663428347  
-0.02567378473  
-0.2494671115  
-0.3316758068  
0.1320890206  
0.04647712499  
0.1827821413  
0.26652947  
0.03064837751  
-0.07071602167  
-0.04651976132  
-0.1694750621  
-0.1186536009  
0.05640996953  
-0.344037815  
0.5993408508  
-0.1201284636  
-0.03636143066  
-0.06282928733  
0.08395595092  
0.1669762938  
0.1296325516  
0.1680218956  
0.06944128698  
0.4612047625  
-0.09141733959  
-0.4562001467  
-0.4666931528  
-0.4418901591  
-0.4326338505  
0.1308777136  
-0.1555571854  
0.4233180224  
0.1020149807  
-0.1828157305  
0.2477016219  
-0.0516288875  
-0.1883693611  
0.1418879813  
0.3574832965  
0.03385051577  
0.1942059632  
-0.1131761284  
-0.01028671022  
0.03934697064  
-0.01749976972  
-0.1039658657  
-0.1219969255  
