-0.1490850213  
-0.3758073736  
-0.1663775208  
0.4432261962  
-0.05312433211  
-0.391498432  
0.5807203223  
0.869143406  
-0.2799276982  
0.2738688178  
0.7740310054  
0.1852532084  
-0.1272703027  
0.4814185806  
-0.9559412291  
-0.678701309  
-0.5618194995  
-0.4191400479  
1.083337879  
-0.1265811497  
-0.3313025911  
-0.01998894539  
0.0563197949  
-0.3298300645  
0.644285749  
0.1295083995  
0.1994796995  
0.007068557567  
-0.655510035  
-0.5054554818  
-0.2253454293  
0.4610049458  
0.8685652418  
0.3138039845  
-1.432445556  
-1.670801115  
-0.6808433309  
-0.3453388416  
0.1077919956  
0.188771061  
0.3700350013  
-0.5476464862  
-0.4961495431  
-0.407878942  
-0.5695989653  
-0.7170154175  
0.6189678198  
0.934014856  
-0.3635500395  
-0.8177054587  
0.03294103338  
0.8409035807  
0.807467234  
1.539354872  
0.8390110125  
0.1107653672  
-0.4115089785  
-0.2719220099  
-0.2558059489  
-0.09658981232  
-0.1319348534  
0.2369129132  
-0.6149057224  
-1.263996002  
-0.6939315392  
0.2376864784  
1.274035309  
-0.2282523815  
-0.580640654  
-0.1331081908  
0.1471957217  
0.2385866493  
