0.7085589507  
-0.3009174986  
-0.3657457087  
-0.3882924263  
0.05873634196  
0.297084008  
-0.1608355758  
-0.2885893668  
-0.7096226286  
-0.5702882768  
1.942247143  
1.705465377  
-0.6820846741  
-0.1206102083  
-0.7950214046  
-1.514311629  
0.5500225672  
0.7731452389  
0.009525743754  
0.148391048  
0.02337981447  
-0.284242665  
-0.1954125248  
-0.1479167046  
-0.1649650676  
-0.5229803713  
-0.6135387859  
-0.7159383383  
-0.1554292453  
-0.1602973569  
-0.04441427753  
0.3461320487  
-1.503223705  
0.8113529863  
0.8602783733  
1.019826571  
0.1123410081  
0.2093796985  
0.6240815265  
-0.1801007941  
0.3363717053  
-0.04351645551  
0.4038999366  
0.5457932912  
0.1538356731  
0.1420699946  
-0.2393261288  
-0.8741052275  
-0.3709217393  
-0.1611979861  
-0.5446344653  
-0.7603945381  
0.3265518052  
-0.2236256978  
-0.1057998287  
-0.02363537075  
0.03385912039  
-0.06495745634  
0.0586424968  
0.4797575378  
0.6877327645  
1.276341411  
1.124349881  
0.5592588772  
-0.8788431901  
-0.5769288956  
0.03313815547  
0.4329980118  
-0.6154205215  
-1.131882964  
-0.570608636  
-0.006037988161  
