-0.0785226418  
-0.02618342403  
0.2872120509  
0.3957051089  
0.7505519318  
0.6165872734  
0.3560238103  
-0.2122803283  
-0.6092320006  
-0.5213638536  
-0.6875825528  
-1.227709704  
-1.262321381  
-0.2407254788  
1.04221162  
1.088678443  
-0.2327282006  
-0.3119749646  
-0.2502978692  
0.8195320877  
0.9315962878  
-0.09428208792  
-0.6934232077  
-0.2823379408  
-0.1736938118  
-0.2167349077  
0.3293563382  
0.7295133283  
1.188236247  
0.354249249  
-0.2299284857  
-0.06792078626  
-0.2854504444  
-0.4350411708  
-0.3718116511  
0.1794665464  
0.145961276  
-0.1417424628  
0.4523742332  
0.6177457297  
0.9546164164  
-0.5401621994  
-0.6307642707  
0.07037524918  
0.1126098413  
0.2069920662  
0.5403932721  
0.3422160795  
-0.7948192252  
0.2045665858  
-0.4245103135  
-0.110780442  
-0.722795068  
-1.083076647  
-1.021932469  
-0.1363804474  
1.786437378  
0.6327000001  
-0.6560894686  
0.4687456049  
0.5854142132  
-0.2997137467  
-0.7297744732  
-0.6996971722  
-0.5336491171  
0.06596005561  
0.6077310192  
0.4331205225  
0.06488190091  
-0.2376247746  
-0.1521983139  
-0.191453056  
