0.1638261472  
0.1328389061  
0.1109937614  
0.4873996153  
0.6099500025  
0.5808549006  
-0.1961045191  
0.117239396  
-0.1076647279  
0.9639530566  
0.3619815692  
0.1903525597  
-0.50071949  
-1.136572988  
-1.008865843  
0.7201711281  
-0.2823558426  
-0.07968658405  
0.7792627537  
1.384017604  
0.9092717751  
-0.07468978193  
-0.9857535835  
-0.6607696097  
0.5403428254  
0.1321437937  
-0.4510711412  
0.2902843713  
0.6221680324  
0.2736663344  
0.06826819244  
-0.03855360535  
0.06038712808  
-0.04826284925  
0.2335756154  
0.8026847966  
0.4504983606  
0.006249428384  
0.2275198773  
0.261272799  
0.4187617786  
-0.09049097267  
1.20187779  
0.5558427008  
0.2321998885  
-0.03763537124  
-0.1606782032  
0.3502688328  
-1.196193665  
-0.08450188605  
0.2417895198  
0.549470747  
0.4776817246  
-0.5967488573  
-1.552130169  
0.38637168  
0.1428062854  
-0.080013392  
0.2746421734  
0.5684783545  
0.6916865652  
0.236304439  
0.7050151536  
0.5658802359  
-0.5435519854  
-0.23930844  
-0.4769945686  
-0.2664654247  
0.1382181319  
0.07445425619  
-0.03433358748  
0.1347341937  
