-0.06538965262  
-0.0739109301  
-0.03352598191  
0.3142951465  
0.09073633809  
0.1174585513  
0.4159930199  
0.1726645629  
0.2644098755  
-0.1257916811  
-0.06073584886  
0.2319530214  
0.1687626109  
-0.2789090101  
0.2066972579  
0.6984752089  
0.09639976059  
-0.6912512467  
-0.02566047463  
0.3463178535  
0.4288933816  
-0.05954632426  
0.1911186376  
-0.2007410898  
0.314376979  
0.07025686149  
0.1203838179  
-0.1272986336  
-0.2268150112  
-0.03948745011  
0.3515929868  
0.227590623  
0.1883298022  
-0.02931052906  
0.128530238  
0.2170878117  
0.2642071338  
0.08985288459  
-0.1539960462  
0.02500424566  
-0.04901088524  
-0.03572775645  
-0.4487882044  
-0.0706366476  
0.274520277  
0.5436055458  
0.3270125862  
0.01800851369  
0.1078130689  
-0.09925395976  
-0.09346008264  
-0.1246848763  
0.100274675  
0.5314591323  
0.3650993453  
-0.1957833282  
0.07751556574  
0.1361787054  
0.2277163183  
0.05590203292  
0.3352645534  
0.359602087  
0.01629871845  
0.1300500022  
0.2413795879  
0.4530182571  
0.3681367153  
-0.08636502114  
0.0344575848  
0.2417470774  
-0.3435585215  
-0.02065641141  
