-0.2025585278  
-0.2250320265  
0.400578104  
0.874675955  
1.222687216  
0.5427959836  
-0.07292111039  
-0.0241652433  
-0.2283159137  
0.2621174366  
0.2240318491  
-0.03317357962  
0.01779694973  
-0.3378231774  
0.13904989  
-0.01827765114  
-0.6436880959  
-0.2350235464  
-0.07311340549  
0.4668447569  
0.481999416  
0.2247582647  
0.5175058293  
-0.1204999195  
0.8348577948  
0.4094339624  
-0.07167075  
-0.6203223153  
0.6023508922  
-0.01584340691  
-0.5309938439  
0.09250288266  
-0.2339555619  
-0.202267474  
0.3196017088  
0.6231174182  
0.1147660927  
0.1225732809  
0.1070475963  
0.9669575731  
0.5140168771  
-0.3353448118  
-0.1796017655  
0.4080303966  
-0.1270135432  
0.105727085  
0.2546614847  
0.1650691149  
-0.557365398  
0.3898627788  
-0.4064739666  
-0.1795928614  
-0.4457382712  
0.04742545037  
0.6550809304  
-0.3383432697  
-0.3581935101  
-0.2623938396  
0.3889486602  
0.5607920542  
0.4018022398  
0.2742619165  
0.5756232878  
0.4449811121  
-0.4386298418  
-0.1707678682  
-0.02119410128  
-0.3066014717  
-0.4037471424  
-0.6014890253  
-0.5295241921  
0.1487807478  
