-0.5867230794  
-0.270964939  
-0.1373809281  
0.4188205669  
0.1121521438  
0.05891560578  
0.6594007837  
0.807878342  
0.3016148148  
0.3138748198  
-0.2221548122  
0.4827704706  
0.1202320484  
-0.3947612151  
-1.78110989  
-0.6502627553  
-0.5225310813  
0.09804483811  
2.200443583  
1.268585562  
-0.2437526349  
-0.4950868676  
-0.1247794354  
-0.3508713005  
0.3718341468  
-0.4306690412  
-0.2111167267  
-0.259866907  
-0.08694689848  
0.2904994063  
0.04533760304  
-0.3025520814  
-1.508181041  
-0.2989015079  
-0.8121365358  
0.2187170361  
0.235339976  
0.1207653504  
0.5196159137  
0.1742957553  
0.1338801402  
-0.1917892641  
-0.2584853107  
0.1071158324  
-0.2805139483  
-0.9546403353  
-0.2655848778  
-0.176525395  
-0.6121680015  
-0.1538356015  
0.356677004  
0.6618798102  
0.6948078213  
0.8870848803  
0.2669930709  
-0.1495000145  
0.2582108536  
0.2308720717  
-0.6902920061  
-0.03261841152  
0.4616545465  
0.2661564648  
-0.3922436059  
-0.8757492144  
-0.7016319212  
0.2438244693  
-0.5879656347  
-0.8945972888  
-0.6986495478  
-0.5763181463  
-0.2324223638  
0.09379398205  
