-0.5597618511  
0.05118950334  
-0.1085710441  
-0.3794164214  
0.1070227996  
1.041661524  
0.8629509203  
0.3560876144  
-0.6867162033  
-1.003026373  
-0.2066306858  
0.003703230085  
-0.3064360697  
-0.2746692091  
0.2599846914  
-0.01531941549  
-0.6706955006  
-0.2931492278  
-0.2730447774  
-0.0219304744  
0.3390319215  
-0.06237103235  
0.8545058453  
0.545691159  
0.2069670302  
0.04101748833  
0.2887579192  
0.5013761976  
0.1718520941  
-0.1255938566  
0.132411454  
0.5288924829  
-0.2199418855  
-0.6918665332  
-0.6748255495  
-0.2520114955  
-0.2775764532  
-0.243449186  
-0.9485654144  
-0.8791348391  
-0.2830990532  
0.1277236899  
0.5466329989  
0.2899309034  
-0.1481751709  
1.293600145  
0.01778122141  
-0.4639921979  
0.4698525814  
-0.1165417222  
0.1448279529  
0.6232332129  
0.8457100433  
0.5489273347  
0.1652794456  
0.08156313973  
-0.5155283504  
-0.7679981749  
-0.8431485187  
-0.7903291648  
-0.6682213821  
-0.4875568283  
-0.2909440048  
0.01668804262  
-0.3245583785  
0.5161512803  
0.9912882775  
0.8464483163  
-0.5434228233  
-1.301946903  
-0.9545614551  
0.5035869954  
