0.2519345484  
-0.1381185364  
0.275118856  
0.08374277594  
0.1160580295  
0.05975265326  
0.4737532785  
-0.02001175079  
0.1528427296  
-0.210809953  
0.02123934861  
0.08146805661  
0.09779543282  
0.360728511  
0.3083393275  
0.07094352358  
0.1466755309  
-0.008683080897  
-0.1246473848  
-0.02981793313  
0.01666931924  
0.2724354196  
0.4025356237  
0.3040761487  
0.3919931817  
0.2088117842  
0.001710082026  
-0.3274130527  
-0.27444533  
-0.3762174554  
-0.1014203434  
0.02214307854  
0.4164434916  
0.2061602797  
0.2416145845  
0.1664859853  
0.3072264131  
0.1782437218  
0.2037065974  
0.2408862849  
0.1216821731  
0.1765849308  
0.9039525318  
0.7852560729  
-0.3507291948  
-0.01241617806  
-0.248863523  
-0.1160359594  
0.1403465549  
0.4529189509  
0.06162322827  
-0.01894691208  
0.3405493107  
0.2342324267  
-0.1108524418  
0.04718094084  
-0.677364888  
0.4394044864  
0.9279964445  
0.6964331426  
0.7799281724  
0.009027844722  
-0.2665937539  
0.109084085  
-0.1895524837  
-1.552750628  
-0.4983682142  
0.04972288781  
0.3287889597  
0.1792479682  
0.2049386728  
0.1907250296  
