0.2702662013  
-0.1167494717  
0.1002695634  
0.7007595606  
0.0882483349  
0.193758954  
0.4899776944  
0.1124184213  
0.4703307752  
0.05938153471  
0.1028457853  
0.3333836049  
0.04871663238  
-0.2396678535  
0.007177795487  
0.1378581153  
-0.06848129483  
-0.04454429935  
-0.003966548703  
-0.08219950911  
0.2438756443  
0.2662031437  
0.2467833109  
0.2201856576  
0.3489909258  
0.1860256196  
0.315533224  
0.3088272776  
0.3430175551  
0.6496840617  
-0.2204580941  
-0.5664233619  
-0.2059930043  
-0.01113769035  
-0.2304066135  
0.03252568352  
0.3471054237  
0.1727512647  
0.2072442661  
-0.4941408382  
0.4631845607  
0.121668092  
0.1146563994  
0.1425325877  
-0.2531867516  
0.1787852641  
0.0954538787  
0.4341069752  
-0.39438364  
-0.09735497416  
-0.2052934857  
0.02502334102  
0.447802489  
0.7038580036  
0.7697946119  
0.4249539492  
-0.3588896867  
-0.7926584465  
-1.062938384  
0.252060944  
0.3152273072  
0.4003901127  
-0.401834949  
-0.3924012837  
0.5328805297  
0.7009892016  
0.6949194156  
0.4585042714  
0.01591626581  
-0.327204024  
-0.5062897702  
-0.03955115445  
