-0.7278838825  
-0.6776253467  
-0.3150451072  
0.1125473275  
0.264644401  
0.2063245106  
0.4038002089  
-0.3742502831  
-0.1164689864  
-0.174879034  
-0.1679840538  
-0.03308803779  
0.04385738776  
-0.04926702921  
-0.08900305942  
0.3664523732  
-0.1004020364  
-0.003514168882  
-0.1151015454  
-0.1003923091  
0.2728497098  
0.5935986668  
0.4584543294  
0.3571285905  
0.3152843024  
0.4232655009  
-0.1263088172  
0.07393200613  
-0.2976159473  
-0.2779615917  
0.2915594212  
-0.3594363926  
-0.3488964203  
-0.2991385776  
0.3746695614  
0.04730857982  
0.1799845558  
0.1296014848  
-0.5217203183  
0.3992374584  
0.5284078004  
0.4578228887  
0.5146125465  
-0.426092043  
-0.4747213317  
-0.4328476384  
-0.1185478968  
0.399507166  
-0.01888406918  
0.331115343  
0.1270888484  
0.1033503918  
-0.01444000669  
-0.2544473328  
0.09987881084  
-0.0161282479  
-0.4523893408  
0.3374506829  
0.1115980715  
0.611884122  
0.6634523871  
0.0363058155  
0.1468024005  
0.4349626867  
-0.3772267008  
-1.572861567  
-0.3294044962  
0.5282614955  
-0.2040714437  
-0.288542371  
-0.03780243134  
0.03956206795  
