-0.9083078347  
-0.5315819681  
-0.7266714926  
-0.06187442945  
0.4412107381  
-0.07100965568  
-0.3748585705  
-0.5343801399  
-1.100876654  
0.6897044331  
0.8234738368  
0.04431427623  
-0.208303975  
-0.1791536534  
0.0335610257  
-0.9032888587  
-0.4359372533  
-0.8643622391  
-1.293041779  
-0.6537801388  
-0.1391104933  
-0.2834185715  
-0.2034252835  
0.4185558628  
-0.1045614261  
0.3749849032  
0.5264040275  
-0.341175717  
-0.7582855323  
-0.536587481  
0.3833465378  
-0.4546532709  
-1.534968263  
-0.7010805842  
0.2590342783  
-0.2950908289  
-0.5897807651  
0.2417052004  
1.205871339  
0.2876407192  
-0.395160182  
-0.6141992134  
-0.4489763207  
-0.1009473303  
-1.3073805  
0.2951738129  
-0.4424627337  
-0.5169189645  
-0.5658372004  
-1.698973907  
-1.016573355  
-0.1545634762  
-0.5255204863  
0.1595509792  
0.9096544623  
0.8396998852  
-0.4344531949  
-0.3296954659  
-1.21865496  
-0.2030582612  
-0.1342789084  
0.9760641681  
0.2056490493  
-1.088426175  
-0.4406601661  
-0.0812122512  
-0.1348289981  
-0.5508183994  
-0.26441678  
-1.594690602  
-1.209963292  
-0.591594138  
