0.1506619279  
-0.2648374589  
-0.08836624222  
-0.1397963982  
-0.6954965819  
0.3626272772  
0.02989350651  
0.04916149192  
-0.265313534  
-0.8016313099  
-0.3580169505  
-0.2907444019  
0.253224485  
0.6192590618  
0.4113270684  
0.5651927244  
-0.5149155301  
-0.0309690726  
-0.9550260949  
-0.3362259535  
-0.3144432997  
0.2851039499  
0.3952313505  
0.5325864905  
0.08688382451  
-0.5033967962  
-0.119473553  
0.4292499149  
-0.3196102036  
-0.01489595706  
0.1597441025  
-0.5474997551  
0.2072848011  
-0.6541245752  
-0.4227024674  
0.5199544529  
0.1708759633  
0.119341963  
0.997973964  
-0.08384440423  
-1.137896001  
0.165914004  
0.7759532928  
-0.3009259199  
-0.5166783394  
0.2656966101  
0.1114689786  
0.1497063825  
-0.5247991467  
0.05358991772  
0.9240263826  
0.2481478527  
-0.02632600598  
-0.02362796302  
0.131458124  
0.5346758148  
0.1794767678  
-1.068244739  
-0.5486615025  
0.4795484398  
-0.01714795514  
-0.03686231914  
-0.7552307525  
0.1000451406  
-0.4407232368  
-0.2877908031  
-0.138169847  
1.028543001  
0.1894604466  
-0.7630468817  
-0.9899226404  
-0.650306593  
