-0.04516485549  
0.7635243047  
1.060028205  
0.3222206705  
-0.0626058155  
0.3210229434  
0.6180961814  
0.3676360063  
-0.8418563498  
-1.065394147  
-0.1326899717  
-0.4561866973  
0.03322041995  
0.4290701816  
0.4548430513  
0.131183328  
-0.04871398892  
-0.1027575987  
0.1027722257  
-0.1596887461  
-0.318028122  
0.6573700442  
0.3765217971  
-0.002590313162  
-0.3664717792  
-0.6565298126  
0.4706435  
0.1997966387  
-0.2459177606  
0.6393737385  
-0.06271177962  
-0.2216716354  
-0.7420571227  
-0.689788655  
-0.0511215286  
1.242060756  
0.6509413237  
-0.1992101913  
-0.3748308479  
-0.1182108996  
-0.1284978852  
0.5759648202  
0.2649538833  
-0.4857654891  
0.9452829992  
0.6510008934  
-0.1118066358  
-0.1879643675  
0.4357993589  
0.3718705162  
-0.2139259644  
-0.6644207718  
-0.1419084378  
0.2050465259  
0.1612881179  
0.04213123102  
-0.07065222621  
0.5161329516  
0.4929439667  
-0.6840806805  
-0.6734841556  
-0.4540715743  
0.4309297677  
1.14370728  
0.1943597756  
-1.355620097  
-0.2949193014  
-0.5706666771  
-0.02300065677  
0.8560980643  
0.07202870625  
-0.8462819261  
