-1.081818237  
-0.7951653576  
0.00307560869  
-0.3126726633  
-0.2163490677  
0.04435965791  
0.1441855654  
-0.07561485371  
0.05829959127  
0.1163138414  
-0.4447600288  
-0.7239301573  
-0.2853226168  
0.510584651  
-0.6594287875  
-0.3494200871  
0.1103085138  
-0.09001725645  
0.1233526325  
-0.1818827197  
0.2568358402  
0.5693424717  
0.07248519243  
0.9914477366  
-0.4722056946  
-0.1696159017  
-0.6279148264  
-1.071275493  
-1.114518244  
-1.013070234  
0.2440432144  
1.069505544  
0.1329844425  
-0.6076820434  
-0.0335170384  
0.2320525719  
0.01124342256  
0.3855220274  
1.047777091  
1.158333929  
0.2885756167  
1.481757307  
0.5298638387  
-0.7619806473  
-0.7410831004  
-0.5239326162  
-0.01976811405  
-0.25799284  
-0.6724779967  
0.1331401232  
0.6400156107  
1.063375537  
0.6555633078  
0.3927343008  
0.8312552532  
0.03914865185  
-1.041206168  
-0.340052258  
0.228139783  
0.1527464731  
-0.5573975028  
-0.972890897  
-0.2091403043  
-0.6906276742  
0.5109788238  
-0.6284297909  
0.2842758212  
1.037959579  
-0.02127582629  
0.2971832538  
0.3333825649  
-0.223244416  
