-0.8059631731  
-0.5207984804  
-0.2204770302  
0.06111828551  
-0.2857417201  
-0.2479795593  
-0.07043469913  
-0.1754157511  
-0.3741044611  
0.005310236918  
0.2281688057  
-0.3002004496  
-0.006718296643  
0.03552988426  
-0.02259640538  
-0.3417487068  
-0.3800976603  
-0.1585399828  
0.003464266364  
-0.3267351234  
-0.1335062822  
0.3284005438  
0.2414431201  
0.2323070551  
0.1644474524  
-0.0185307679  
0.3541083036  
-0.03485766587  
-0.1757194432  
-0.6835607798  
0.04365110878  
0.16563973  
-0.4337084411  
-0.2305489879  
-0.322184627  
-0.4481945328  
-0.1379435365  
0.04291856789  
0.1228627148  
-0.1278437966  
0.1289077487  
0.1316370817  
0.1657943701  
0.2328008696  
-0.747204263  
0.1503945169  
0.03287178552  
-0.09261932361  
0.071036147  
-0.1813779189  
-0.3349321349  
-0.1762231069  
0.05151306181  
0.1595188944  
0.2662106593  
0.1744215065  
-1.425907383  
-0.4598673272  
-0.3068961588  
0.1507111535  
0.4208100152  
0.361278511  
0.2741820975  
-0.1877432714  
-0.2292244901  
0.3270269658  
0.4679478657  
0.2154683284  
0.03132491208  
-0.536766515  
-0.5992667391  
-0.3012121928  
