-1.188427148  
-0.6194437147  
0.3241041169  
0.9008587889  
0.9825172319  
0.7975220788  
1.2595897  
0.4110866194  
-0.9232428033  
-0.3618443661  
0.2089582315  
-0.1993172066  
0.1202023743  
0.05211124755  
0.2555085577  
-0.1172558429  
-0.1984584298  
-0.391193118  
-0.04733068094  
0.2871795169  
-0.015535121  
0.5280601741  
0.2430156563  
0.1865787425  
0.9193545841  
-0.6238463771  
-0.3335200673  
-0.1494782469  
-0.5254567871  
0.2683677995  
0.3809881522  
0.1892532356  
-0.3345100135  
-0.8958069999  
-0.7007907511  
0.9009439041  
0.9492477131  
0.5125412931  
0.7205497788  
-0.5021313468  
-0.09832226907  
0.1167323235  
-0.1644319215  
-0.4195930181  
0.4510692321  
0.07533187262  
-0.07411462441  
0.4803031509  
0.3223505108  
0.9269909716  
0.5954630804  
-0.6760734214  
-1.262871684  
-0.3281899241  
0.4199080602  
0.7503640134  
0.02405165548  
0.4095286303  
0.1393404464  
-0.3124966047  
-0.4330637813  
-1.187461485  
-0.6296776137  
0.4775312876  
0.3427036815  
-0.5645353252  
0.7585011679  
0.2708572148  
-0.4272584599  
-0.6863457602  
-0.03149147704  
-0.2902873825  
