1.814862305  
0.514935547  
0.1626036626  
0.363571147  
0.4539668423  
-0.2588334346  
-0.5240085347  
0.01514013308  
0.676803094  
0.688071337  
0.5240279387  
-0.04424374041  
0.5114066416  
0.2625675151  
-0.1447165903  
0.2228867019  
1.169996281  
0.495342645  
0.7174950285  
0.51568434  
-0.298843407  
-0.2195863043  
0.5228853875  
0.3143878054  
1.103119631  
0.7513998476  
1.090869579  
0.6402520853  
0.01617912312  
-0.3230003364  
-0.2457144564  
-0.281828127  
1.144935562  
1.017342322  
0.829938183  
0.1369988616  
0.1891441036  
0.8694197261  
0.1762544277  
-0.2295345101  
0.4676687047  
0.01190373066  
-0.4119228853  
0.09069739566  
0.5194861654  
1.132230515  
1.834201055  
0.912930029  
0.8018222898  
0.1960554448  
0.1742572751  
0.834697293  
1.029243131  
1.086485278  
1.033094487  
0.5376947162  
-0.6811144172  
-0.7355001414  
-0.3793279405  
-0.122423757  
0.1509891686  
0.3866021292  
-0.01766568006  
0.1926428333  
0.9188940839  
0.9322400305  
0.4450330836  
0.4440566255  
0.5944636154  
0.2565643183  
0.03187474683  
0.9139036936  
