0.4543211669  
0.5638634551  
0.05786577965  
0.142099943  
-0.9468443507  
-1.627567709  
-0.7333272741  
0.2643863097  
-0.6089291957  
0.5428018478  
0.3894708938  
-0.4349969484  
-0.5125867807  
0.2108336158  
-0.5060670066  
-0.335248877  
-0.5563541565  
-0.2097661942  
0.1974058261  
-0.1194704234  
0.4737788768  
0.2865226986  
0.1743047604  
-0.4674139303  
-0.04067789283  
-0.06897919429  
0.1291570162  
-0.530951965  
-0.3064557417  
-0.07527747946  
0.0867223971  
-0.2768812556  
0.09964290889  
-0.3059888135  
-0.04361330865  
-0.3809833558  
-0.367610642  
0.03146254879  
-0.2299378275  
-0.8565351375  
0.07383913233  
-0.1381371374  
-0.1946010967  
0.2137534595  
-0.5485043498  
-0.435614662  
0.2867546199  
0.343769675  
0.3762565726  
0.1174207855  
-0.004977895045  
-0.1627494908  
-0.1706128143  
-0.4908493389  
-0.6452340613  
-0.6741875942  
-0.703481655  
-1.001452273  
0.4370360618  
0.01488066818  
-0.3058867635  
-0.3314370803  
0.2444745067  
0.2760886191  
0.309648691  
-0.5064199171  
-0.07896029665  
0.7114630494  
0.5450258345  
-0.2212185902  
-1.120950829  
-0.9306599325  
