0.1344767307  
-0.1688525551  
0.05852971777  
0.4549504188  
-0.3732915579  
-1.165995689  
-0.3383260625  
0.4449195985  
-0.3953725765  
-0.1185988094  
-0.465083345  
-0.778149575  
-0.1942103882  
-0.3646188912  
0.01518365721  
-0.4441221291  
0.4091382246  
0.1319702597  
0.2464299116  
0.4795530611  
0.02902775547  
0.06220739894  
0.3238634583  
-0.009723424911  
-0.2420286293  
0.01368763259  
-0.3394048022  
-0.260969102  
-0.01645447319  
-0.3835002937  
-0.01197501929  
-0.3040903876  
0.09256080445  
-0.1363543866  
0.02901389719  
0.5402304931  
0.1699017184  
0.5023240924  
0.4483889094  
-0.1716593324  
-0.6215729715  
0.05749981684  
-0.4954527664  
-0.4289572004  
0.02803327849  
-0.0541147872  
0.5877917589  
1.14191926  
-0.2369465902  
0.2142352874  
0.2201234953  
0.1778981182  
0.2591622441  
0.2978947937  
-0.04116013097  
-0.4078540116  
-0.9014464444  
-0.03788243705  
-0.4013168929  
-0.7395951708  
-0.1749563629  
0.2898725067  
0.7239871472  
0.7893934976  
0.08432919522  
-0.523503461  
-0.6120348543  
-0.5005609597  
-0.2711871391  
-0.01577777808  
-0.0244526465  
0.5329685033  
