1.175549159  
0.6175767475  
-0.01658288529  
-0.1403597182  
0.2322593432  
0.6359256421  
0.4461532186  
-0.1241181207  
-0.1511307722  
0.03390260825  
-0.2853994532  
-0.3570001265  
-0.2833951736  
-0.1087834846  
0.03795464145  
-0.2665183717  
1.53169311  
0.8135247726  
0.6756508399  
0.669904217  
0.1141479708  
0.03424972538  
0.2366714024  
-0.1143044429  
1.067877325  
0.3707850612  
-1.241736938  
-1.506391861  
-0.6239474486  
-0.02308341403  
0.5543969023  
0.04177650328  
0.2750655742  
0.2927803416  
0.07078122705  
0.1107154864  
0.07054973199  
0.1752731927  
-0.02229426091  
-0.02836247844  
0.9726080654  
0.01828013617  
-0.1250445044  
0.04888735968  
0.124774808  
0.5337339741  
-0.03981851613  
0.3716150142  
0.4058946789  
0.1831840713  
-0.2298278558  
-0.1272678906  
-0.2812467309  
0.529046201  
0.4554533226  
0.04699067916  
0.0002609927712  
-0.03336820904  
-0.04320027886  
0.2120575103  
0.3408375145  
0.4723412828  
0.7086261831  
0.2978496293  
0.5468025347  
-0.08963124642  
0.08652661501  
-0.3590672211  
-0.3966255078  
0.06743012924  
0.2773445353  
0.4080242484  
