0.5912247977  
0.3582221343  
0.1205861898  
0.1270269821  
-0.2478509984  
-0.1178377853  
0.5936389922  
0.3409684142  
-0.3558879522  
0.2415613124  
0.3372926808  
0.1355431218  
0.03511463272  
-0.3475704601  
0.1896323777  
0.2887573877  
0.7479631232  
0.2593073343  
-0.2164960264  
-0.05791713837  
0.0784622569  
0.2566589129  
0.1711431771  
0.2254907229  
0.5390722008  
0.1423697376  
-0.02069045603  
-0.01445005344  
0.6439394022  
0.1930061669  
-0.01930904222  
0.3840080714  
0.06932560315  
0.3865457265  
-0.1338453267  
-0.3685582879  
0.4293934194  
0.7562774645  
0.1859144207  
-0.2886419761  
0.5422870025  
0.4296664796  
0.2333770643  
0.04680082633  
-0.1811536558  
0.1775377622  
0.2898105169  
0.1183885049  
0.5097319557  
0.4366618176  
0.1300365961  
0.009386027673  
0.1760600895  
0.2929608216  
0.2532198892  
0.2709839351  
0.8063292707  
0.08751964628  
-0.08372808816  
-0.2580450929  
0.0002468907715  
0.2600402186  
0.09144064294  
0.1952055136  
0.3959596806  
0.229135959  
-0.04635050574  
0.05003432396  
0.4450760043  
0.5787565435  
0.5768845712  
0.6116760701  
