0.2254709109  
0.06931820598  
0.05157083273  
0.2262582773  
-0.1973699564  
-0.3284441792  
-0.3764479813  
-0.4159971067  
0.1591578322  
0.1109411978  
-0.2171151597  
0.008947488999  
0.3111034571  
0.6313917064  
0.03485373839  
0.02667712719  
-0.3994752866  
-0.2235384367  
-0.2261382906  
0.4348646588  
0.3980651461  
-0.03552253535  
0.011875122  
-0.1410479042  
-0.1989005034  
-0.1411913455  
-0.5485498253  
-0.3699550887  
0.76410757  
0.8551228809  
0.5425033187  
0.5145887917  
0.1171517365  
-0.2060984286  
-0.6784014017  
-0.1509833821  
-0.3778885512  
-0.360069631  
0.1037658855  
0.4824987715  
0.0003023641674  
-0.09444589638  
0.3457698184  
0.1878391267  
-0.2855659481  
-0.1598100142  
0.4390725061  
0.6247831142  
0.175752558  
0.4000325655  
0.3147407906  
-0.4665054834  
-0.652388561  
0.100151653  
0.02805183004  
-0.3064329106  
-0.1416112357  
0.7204177286  
0.596944032  
0.03846921642  
0.4117801178  
0.4943856851  
0.09629791328  
0.1079415502  
0.1459502505  
-0.1728933916  
0.1276494482  
0.2383845908  
0.1195413406  
0.1298883443  
-0.2443708819  
-0.2271505101  
