0.8062306764  
0.6250812788  
0.06177610515  
0.455810092  
0.8351449935  
0.2211993191  
-0.2241369648  
-0.7159865432  
-0.4099140552  
0.09510022716  
0.7201358598  
0.1010282233  
0.2574162898  
0.6610386915  
-0.01360975985  
0.4010630132  
1.102411656  
0.7247105978  
0.6876274751  
0.5118427747  
0.3422831417  
0.05742431961  
0.04056767453  
-0.6035777775  
0.9409636387  
0.9920426298  
0.2645665764  
-0.2197398283  
0.3682212752  
0.2652485896  
0.5591541024  
0.5145962576  
0.9280374285  
0.006727742808  
-0.08883548685  
-0.01767017026  
0.09870537645  
0.4498251671  
0.5159443742  
0.287223455  
-0.04541973848  
0.8602504166  
0.3868556015  
0.1097209434  
0.6125381522  
0.09895514275  
0.4836122196  
1.327263859  
0.5447039785  
0.1731849701  
0.3190921714  
-0.2700596662  
-0.660968368  
0.8639459037  
1.125080584  
-0.218216598  
0.09276957202  
-0.06217180722  
-0.1254734279  
0.6835429471  
1.107208025  
0.1752367027  
0.5970261289  
0.7137454042  
0.51591197  
-0.07882533026  
-0.3041309496  
-0.03485005623  
0.2580957628  
0.211694078  
1.120540624  
1.370253272  
