-0.7096050258  
-0.4480705644  
-0.07107206199  
0.1074153256  
-0.181052856  
0.05919109716  
0.3011094776  
0.801174467  
-0.4546945283  
0.2742988291  
0.4195692413  
0.2495791193  
0.1932248297  
-0.1446213973  
-0.05321612442  
0.4624078787  
-0.07396257261  
-0.01922427573  
-1.275300619  
-1.065353741  
0.2177176716  
0.2385529939  
0.041669841  
0.1887252905  
0.2759817955  
-0.219877263  
0.3337941467  
-0.219078812  
-0.4916191566  
-0.4424016806  
-0.2293778003  
0.3690842397  
0.1854237437  
0.06244832673  
-0.4964577516  
-0.3617028269  
-0.1373837588  
-0.03357784558  
0.4408549612  
0.1579613815  
-0.233312647  
0.08381243481  
-0.3111219945  
0.05629325607  
-0.08419630373  
0.3761522441  
0.2602502771  
-0.4342597541  
0.1643445119  
-0.1304495341  
-0.1549483638  
0.2276443679  
-0.002877585198  
0.2175805233  
-0.2732977133  
-0.07466871615  
0.5195977443  
-0.09547124136  
0.5517407405  
0.5445385602  
-0.01753892034  
-0.2346546516  
0.22323276  
-0.6155423133  
-0.7687232645  
-0.4624014768  
-0.1028438073  
0.2524871659  
0.1996396143  
0.04700230984  
-0.05576362984  
0.414233961  
