-0.869634581  
0.09913662507  
0.1100863898  
0.4418064176  
-0.2596883306  
-0.4948364822  
0.6494303401  
0.9368606621  
-0.5714304235  
-0.2374720667  
0.5176775599  
0.3847349851  
0.1638783486  
0.7199522051  
0.240341908  
0.1837041958  
-0.6679556872  
-0.4554779053  
0.2159171597  
0.7770983913  
-0.3758870027  
-0.5275746983  
0.4773344875  
0.4353088262  
-1.540637095  
-0.9187919121  
-0.8123660636  
0.222722219  
0.3979668038  
0.06871323441  
0.2287400016  
0.4057945823  
0.1470830996  
0.2168842188  
-0.493925527  
-0.2873294883  
0.05963151307  
0.3807150843  
0.2361151564  
0.1185005618  
-0.02462680113  
-0.4230804722  
-0.2086248976  
-0.2512699462  
-0.09174205824  
0.3208481326  
-0.02302935541  
-0.1558326293  
0.3397361273  
0.4798474528  
-0.00224422389  
-0.3547888367  
0.2734589348  
-0.07767558723  
-0.2356295903  
-0.07059057564  
0.3510510245  
0.02128646248  
-0.2449548872  
-0.9138724631  
-0.41808374  
0.3674848633  
0.6860969032  
0.2905595667  
-0.2335019739  
-0.6271708278  
0.2980690279  
1.138247284  
0.3789296705  
-0.7365556653  
-1.076307244  
-0.04842899186  
