1.207003928  
0.3736487493  
-0.05213589666  
0.08562663469  
-0.1620888484  
-0.4621825027  
-0.1138153422  
0.4645381247  
-0.2135014987  
0.1183369956  
1.066026171  
0.7784519482  
0.4333559412  
0.331793301  
0.5530640104  
0.5384589637  
1.249249349  
1.106855627  
0.4281484657  
0.3135549379  
0.356152837  
0.3443666166  
0.1691442341  
-0.1335718407  
0.8474294299  
-0.3328573737  
0.08520954788  
0.09358737539  
-0.01415811561  
0.07304757182  
-0.06906789442  
0.6108221388  
0.9809654633  
0.4097659011  
0.2372131297  
0.2072683583  
0.472611738  
0.9206211593  
0.4270532466  
0.3121602786  
0.7620053996  
0.8996131233  
0.618754411  
0.1841526636  
-0.04324137624  
-0.2627222036  
-0.4290953952  
-0.1887000773  
0.7426846161  
0.6434422802  
0.2684169374  
0.3361354216  
0.7923698976  
0.7609442713  
0.6219423387  
0.1288215626  
0.9353640938  
-0.356683962  
-0.4144790209  
0.2163310175  
0.8147383411  
1.248251631  
1.123407843  
0.435701555  
1.137675601  
0.7452405507  
0.341785389  
0.6327741815  
0.8356691101  
0.1226010351  
0.4311972528  
0.3936089323  
