-0.5026370099  
0.3219579851  
0.1935374436  
0.2481092067  
0.1765241038  
-0.24265177  
-0.5589540632  
-0.08354565592  
0.08952016589  
-0.5107543188  
-0.2567378268  
0.5048462696  
0.01369166727  
-0.3633450508  
0.9274784523  
0.3238952773  
-0.9057322538  
-0.8871728368  
-0.03767679852  
0.2940108375  
0.2366424998  
0.155139555  
0.5556400996  
0.261543451  
-0.3197153728  
-0.3214456216  
0.2200207539  
-0.05562796968  
-0.5307950037  
0.05642902655  
0.8118063966  
1.023916455  
0.06410186346  
0.412044307  
0.8505295879  
-0.152735184  
-0.6908230674  
-0.4099584875  
0.2170170137  
0.02529048177  
0.2898951009  
1.093683346  
0.3566533158  
0.40138838  
0.4224859186  
0.3739036172  
-0.217622573  
-0.1373393536  
0.08618359116  
0.7069854765  
1.031402278  
-0.1025306918  
-0.7729384342  
-0.4555530858  
-0.2201814962  
-0.1866491749  
-0.2440256456  
-1.041315926  
-0.4274224443  
-0.3235727586  
0.6044077922  
1.326604702  
1.16302209  
0.2497385623  
-0.02999013795  
-0.4067524023  
-0.3580390657  
-0.1959385995  
0.2132747346  
-0.003158285037  
-0.4775154447  
-0.03726826101  
