-0.4126359279  
-0.4718241754  
0.4296206501  
0.7674915704  
-0.3310889147  
-0.5969461817  
0.3207151461  
0.5979858258  
-0.1538820182  
-0.02378505468  
0.8636121954  
0.06503227549  
-0.07183629029  
0.08419500291  
-0.0466525959  
-0.5717104632  
-0.4136879954  
-0.6197448092  
0.1129158784  
0.2092913981  
-0.2848779104  
0.4392000154  
0.3083774187  
0.2834736099  
0.2446191078  
-0.4128690474  
-0.5453183426  
0.30853487  
-0.5298003735  
-0.8082276042  
0.8204361573  
0.4550856044  
0.5664960846  
-0.07908339673  
-0.4529991244  
-1.277825015  
-0.6239776258  
0.9567312426  
0.291599903  
0.008574503817  
-0.4766333962  
-0.067088922  
0.3804570018  
0.1017929543  
-0.1802430725  
-0.6024105105  
0.1675824997  
0.6160357798  
-0.6700547259  
-1.479148069  
-0.01017688528  
1.139090972  
0.3830071419  
0.4539013634  
0.5895345738  
-0.1868329362  
-0.2018970843  
-0.2153143989  
-0.106748678  
0.007022711473  
-0.1730592227  
-0.250055467  
-0.6343354397  
-0.2995732285  
0.1985762527  
0.5986699336  
0.9198215251  
1.265823147  
-0.1097250569  
-0.3291022331  
-1.343070877  
-0.4371000591  
