-0.3420913847  
-0.3866417628  
-0.1963697669  
0.06114553111  
-0.2053323788  
-0.5546236177  
0.3579128926  
0.2361931322  
0.1502179637  
-0.193281052  
-0.06410815425  
0.6824835262  
0.9779157246  
0.3877035395  
-0.6207634175  
-0.1956632165  
0.2108281506  
-0.4361538522  
-0.3173344411  
0.1933598824  
-0.08699662552  
-0.3444910881  
0.3912984384  
0.4383323136  
0.5065519539  
0.1695792203  
-0.1229999583  
0.199964943  
0.2426805744  
0.8075415512  
-0.5809355039  
-0.5861211866  
0.6780848487  
1.263601264  
-0.2363965962  
0.2198359896  
0.1376979459  
0.3338998242  
1.004478233  
0.1786392803  
-0.06227834993  
-0.238823445  
-0.4105097775  
-0.2272205996  
-0.1139181578  
-0.3928307946  
-0.8573886243  
-0.2417988891  
-0.127838599  
-0.1986980567  
-0.03064793309  
0.8029437873  
0.8802934714  
0.3521606406  
0.2676224026  
-0.2537157675  
0.6135414905  
-0.4487227311  
-0.2179695732  
-0.214033744  
0.1397966629  
0.5695600825  
0.6643441374  
-0.3376245252  
-0.07005621497  
-0.2496448102  
0.2078596181  
-0.1463620433  
-0.7990284576  
-0.2228507089  
0.08739587939  
0.922388483  
