-0.9925573468  
0.5871814074  
0.370559461  
-0.0837062713  
-0.2842207207  
0.42235052  
0.2364233834  
-0.4405792253  
-0.5677053662  
-1.121635882  
-1.096375862  
-0.6740163298  
-0.1863204562  
-0.8128856326  
0.7024414728  
0.5806630403  
-0.3795073936  
0.4604111959  
-0.07912582884  
-0.3162661014  
-0.1908752263  
-0.2884842918  
-0.1316798863  
0.2570256906  
0.1873844632  
-0.05016569578  
0.221093934  
-0.4003254301  
-0.9997916268  
-0.573659402  
0.2993993873  
-0.585021694  
0.9156014041  
0.1846542351  
-0.02480802214  
-1.097523001  
-0.6193179194  
0.4035457035  
0.4824679345  
0.6620558908  
-0.1950007065  
0.5055038807  
0.08427408592  
0.154218513  
0.3424981019  
0.8084676476  
0.4695152639  
-0.981134141  
0.1179672244  
0.3782554681  
0.09611687535  
-0.3601458724  
-0.3334974382  
-0.4844158613  
-0.1200382781  
0.3633068975  
-0.431206585  
-0.7177773471  
0.4425738938  
0.4700058407  
0.8020471536  
0.3317243806  
-0.1507771576  
-0.2027866068  
-0.5030338568  
-0.3250812778  
-0.1063384245  
0.4912109965  
0.4791000721  
-0.542760251  
-1.160129686  
-0.5091779012  
