0.749207124  
0.4996879829  
0.04815976885  
-0.40619496  
0.008254088971  
0.08496045651  
0.002919066351  
-0.1909493417  
0.7934379961  
0.5116375798  
0.3408090551  
0.2635246085  
0.1202786847  
0.232324338  
-0.1973939957  
-0.5940448393  
-0.03979451275  
0.1893149579  
0.04327812266  
0.172713123  
-0.1395424227  
0.1158721917  
0.02318188915  
0.1452848508  
0.1639688745  
0.1497978866  
0.2626612627  
0.1149184133  
0.3117959827  
-0.1511665989  
-0.03998561033  
0.1365734635  
0.2492725234  
-0.2818419992  
0.09356909895  
0.5139777852  
0.3054990837  
0.1627607447  
0.9101055749  
-0.6213486193  
0.2318787105  
-0.1329885542  
0.02652463841  
0.390338252  
0.2517700267  
-0.1819731269  
-0.3815436157  
-0.07740508783  
0.3318303396  
0.4298703778  
0.5352300745  
0.558675041  
0.2957266811  
-0.03609687805  
-0.2709708503  
-0.2704637106  
0.393311752  
0.08091246814  
-0.2161475755  
-0.2760980576  
0.05926941024  
-0.1574943301  
-0.07825840346  
-0.08331547335  
0.9412982046  
0.1989939013  
-0.2128208758  
-0.1416746577  
0.1183914118  
-0.02741297749  
0.2885213823  
-0.02586633824  
