0.8094551187  
0.6785689177  
0.4944395926  
0.5360795826  
0.3682500792  
-0.3228660527  
-0.3736089158  
-0.559059362  
-0.4322717113  
0.534367478  
1.888046061  
0.8250511426  
-0.6506411483  
-0.2886694385  
0.5436129657  
0.6471836619  
-0.4352814275  
-0.4244129701  
0.5122531102  
0.723323908  
0.5892704417  
-0.1884567647  
-0.1876712706  
0.09760449454  
0.7156678007  
0.2900930482  
-0.2433931582  
0.06450177951  
0.1297649906  
-0.7433477072  
-0.2163401399  
0.1081854279  
0.5280549239  
0.8109714985  
0.5831104472  
0.3944901939  
0.4909191626  
1.280910348  
0.5493870433  
-0.01924837908  
-0.4909728499  
0.7393613294  
0.7115208519  
-0.08956248411  
-0.2811463634  
-0.07634794065  
0.04454715648  
0.4157540024  
0.04340020077  
-0.8712449497  
-0.1403067314  
0.2339650617  
0.5259730726  
-0.1340390574  
-0.06973984563  
0.295792953  
0.01251818041  
-0.3225975568  
-0.2236308069  
0.5382307064  
0.9391445731  
0.2716059298  
-0.172408454  
-0.1677334219  
-0.1655823141  
-0.5563133871  
-0.1047026864  
1.137097513  
1.552148824  
0.07164428471  
-0.2875109694  
0.7204190065  
