0.2383726211  
0.7143103247  
0.1231678199  
0.6324940772  
0.4353278279  
0.5563446986  
0.2457547801  
0.1096924875  
-0.007636530616  
-0.2694076637  
0.03341617756  
0.4848336562  
0.05143309352  
-0.0365578578  
0.01048405715  
0.2783776754  
1.076002174  
0.4593091383  
-0.09717912384  
-0.006576207127  
0.1985247546  
-0.02796905622  
0.5481864632  
-0.1641241601  
0.9721932746  
0.5338290671  
0.2392643048  
-0.4625124415  
-0.4652541415  
0.01633087081  
0.7570438878  
0.279326119  
1.190944273  
0.8736991684  
0.5975958606  
-0.1668671302  
-0.1819463102  
-0.07782105979  
0.5266366384  
0.3427137946  
0.1564569403  
0.138954323  
-0.06458565851  
-0.7724017159  
-0.8882385582  
0.165207151  
1.203339051  
0.9997904484  
0.6390769991  
0.5795074719  
0.002220940766  
-0.2171674812  
-0.3197574499  
0.1426670871  
0.1254872039  
0.01878140911  
-0.1267347398  
0.08640765688  
0.008039800377  
0.1666390153  
0.7164269949  
0.328064953  
0.1000764886  
0.3637604788  
0.9575316296  
0.07597059877  
-0.02706808081  
0.5320655497  
0.5981298225  
-0.06967309344  
0.183577731  
0.3652476789  
