-0.1627570887  
0.02434791318  
-0.531842679  
-0.5340521855  
-0.60523842  
-0.2089987768  
-0.6095259997  
-0.8552479864  
0.3993993443  
0.09348244316  
-0.2915773819  
-0.6332554175  
-0.5592266428  
-0.4732299466  
0.1828361595  
-0.3435387006  
-1.450507997  
-0.08224353619  
0.6386835901  
-0.11268433  
-0.3583090008  
0.3871291916  
0.626619774  
-0.2217783324  
-0.5436031678  
-0.4610072427  
-0.04885159798  
-0.4485860437  
-0.781801758  
-0.3179105831  
0.6004459254  
-0.2536514472  
0.3699782378  
0.1027598463  
-0.2875436466  
-0.6126217699  
-0.7880668878  
-0.3856415501  
0.2862734084  
0.1492972459  
-0.6666618191  
0.4144371471  
0.06438677176  
-0.2000483206  
0.1641476443  
0.2564619092  
-0.1565059206  
-0.4812476453  
-0.6154232213  
0.05434014982  
0.07274888191  
-0.5266243327  
-0.6257011724  
-0.3037574069  
-0.4361403272  
-0.3722416151  
0.3116323168  
-1.056675636  
-0.2062958368  
0.07947797181  
-0.2569844534  
-0.06597227476  
-0.1077656106  
-0.238555232  
-0.5156272951  
-0.5051965299  
-0.5038751809  
-0.7178378511  
-0.1882866326  
-0.3801402379  
-0.4073292091  
-0.1207074742  
