1.121291556  
1.502162577  
0.8222391682  
-0.2289187504  
-0.1061417262  
-0.7374067587  
-0.671837985  
-1.045611921  
-0.2293377103  
-0.008733749978  
0.3465547137  
0.2324963455  
0.7314394634  
1.113382659  
0.5423592746  
0.4809645444  
-0.1519119357  
-0.6149466739  
-0.7630373123  
0.2344032978  
0.9760810376  
0.6485203285  
-0.3259029975  
-0.9499546038  
0.5903379556  
0.09171707026  
-0.3179929758  
0.7313936927  
2.129931136  
0.1732765771  
-0.5994191015  
-0.3152678548  
0.2669059378  
-0.02151483322  
0.1605018624  
0.07742048609  
-0.2576617544  
0.5103809563  
0.3704865114  
0.5553745057  
-0.05469630717  
0.2798142508  
0.107950507  
-0.1931206798  
0.2720302347  
-0.07299022337  
-0.3804458127  
0.09037959517  
0.1682602418  
0.3699444297  
0.2929415317  
0.2175849864  
0.5383851324  
0.4265055502  
0.4623942959  
0.9367766091  
-0.288155577  
0.6933075164  
0.6624405985  
-0.4584918853  
0.08366354918  
-0.059214424  
-0.01514516163  
-0.08035237685  
-0.4252349128  
-0.8863443042  
-0.004993712333  
0.2666135807  
0.3004920647  
0.3146546252  
0.03685878193  
-0.04128184856  
