-0.0151405722  
0.03248267268  
-0.01323245735  
-0.1688424461  
-0.7081128414  
-0.9237803679  
0.3699647067  
0.8360695396  
-1.066838818  
-0.3417068755  
0.4344646229  
-0.01561312858  
-0.588096061  
-0.6584069211  
-0.2780890769  
-0.1295812206  
-0.2509501228  
-0.2138622266  
0.07802765824  
-0.07358120647  
0.2435906122  
0.2470235903  
0.1402888607  
-0.7544988431  
1.406689275  
0.238105586  
-0.8526491378  
-0.9351368716  
-0.6026442465  
-0.5140313384  
0.433920612  
0.4799350421  
0.1755897173  
-0.4102250167  
-0.7848907643  
-1.113146503  
-0.4645547919  
-0.3968985374  
-0.1526833846  
0.1090344521  
0.515253596  
0.01715747385  
-0.4427915799  
-0.2982254802  
-0.3504199183  
0.4808648043  
0.8149362108  
0.7836595995  
0.2745140222  
0.1019896014  
-0.5386809953  
-0.03836607698  
-0.7585863533  
-0.5722209086  
-0.3523634994  
-0.3698286325  
-0.1410353329  
0.9752493548  
0.6889322037  
0.1651871628  
0.2628639954  
0.191340555  
-0.1815767937  
-0.7289854323  
-1.224081294  
-0.8051687465  
-0.5001749061  
0.3557746803  
0.9215500858  
0.7109504838  
0.4245123326  
-0.7257565242  
