1.261730332  
1.001843078  
0.06751056027  
0.7017417467  
0.6101193085  
-0.08055011736  
0.439679807  
0.1666760025  
0.6453105431  
0.8764700892  
0.2560345684  
0.0007169472513  
0.7918283435  
0.8524911947  
0.9227824062  
-0.1233435601  
1.446432435  
0.5737630781  
-0.3201343151  
0.1549282119  
0.3602465015  
0.02700329483  
0.5564397829  
0.03846453921  
1.28932233  
1.088690234  
0.9363330901  
0.700239945  
0.523826643  
0.5661311736  
-0.04072790704  
0.1286806255  
1.007952328  
0.7960924944  
0.6171197262  
0.4923781109  
0.7532711041  
0.3276203221  
-0.1391390902  
-0.2255356385  
0.8397703749  
0.6911442513  
0.2310495981  
0.03569702525  
0.474992574  
0.4446676022  
0.5252191532  
-0.04865475521  
1.569783049  
1.009087529  
0.5615267354  
1.210840699  
0.7743424251  
0.5115145218  
0.5185960565  
-0.2495002036  
0.6893703816  
0.6201026863  
0.3608889605  
0.2989242285  
-0.07943754244  
-0.4400732106  
-0.4630988092  
0.02098447115  
0.8354832431  
0.07655699875  
0.7386995411  
1.713474752  
0.162804222  
-0.368971214  
0.239533447  
-0.02090316352  
