-0.07777624156  
-0.6566074544  
-0.08182817946  
0.1181723938  
-0.188559519  
-0.7015740511  
-0.8147287229  
-0.2608806533  
0.5013260904  
0.07490457102  
-0.137633898  
0.299186897  
-0.03877468723  
-0.9890568807  
-0.5182934501  
0.1785439137  
-0.02056604202  
-0.4142878782  
-0.6158743418  
-0.9124767319  
-0.2916615243  
0.1269334077  
0.4085945465  
-0.6680356984  
-0.43216832  
-0.1066336604  
0.0395091376  
0.8805670382  
0.6293840493  
-0.2400841501  
-0.1793520725  
0.4066552145  
-0.2564380962  
-0.1923049169  
-0.881854997  
-0.5834060086  
-0.4298673793  
-0.1937273518  
0.1654649007  
-0.122889916  
-0.4077472078  
0.1342779786  
0.153716422  
-0.03593825211  
-0.0861912606  
-0.4217258573  
-0.7188794944  
0.04966267983  
-0.1563473263  
0.2425182783  
0.6859034057  
0.4704799018  
0.1115047045  
-0.08762306397  
-0.3058659322  
-0.1054029474  
-1.047186929  
-0.3696203863  
-0.09738701876  
0.07656893514  
0.3845149278  
0.1912038792  
0.5514629329  
-0.1475173012  
0.3313975013  
0.4594495947  
0.1851022907  
0.03790850854  
-0.1187891182  
-0.5214472709  
-0.3612859204  
-0.161184068  
