0.4447505205  
0.5213616638  
0.1135022953  
-0.3602178232  
-0.4692543729  
-0.1102522953  
0.2877449051  
-0.2963434686  
-0.4588123919  
0.1241547358  
0.4142030652  
0.4532226987  
0.2510528027  
-0.5983875943  
-0.6763533441  
-0.3547864448  
-0.09970669742  
-0.04220797112  
-0.326179023  
-0.1213729856  
0.229549438  
0.5818915957  
0.9673685122  
0.9851661187  
-0.04402754299  
-0.406006824  
-0.2386472943  
0.08986408126  
0.104149055  
-0.3534208108  
-0.7957428186  
-0.9124795589  
-0.3726453631  
-0.03299360271  
0.4387351326  
0.2955236279  
0.0214189119  
-0.400672793  
-0.06305615986  
0.2760839621  
-0.1173925626  
-0.5606253519  
-1.081178816  
-0.6973947926  
0.06630594019  
0.5843340431  
1.120379233  
0.4313129141  
0.1733095914  
0.3090144499  
-0.4883612169  
-0.6219146006  
-0.819212536  
-0.5240914977  
-0.2779129724  
0.1436358226  
0.003773689074  
0.4280096824  
-0.06273626484  
-0.2957090544  
-0.937842373  
-0.8171198531  
1.167194294  
0.9309561333  
-0.063101062  
0.1166415593  
-0.1379264495  
0.1062814497  
-1.249188795  
-1.374355367  
-0.05202963075  
0.4227199386  
