0.03050159173  
-0.02219207278  
0.1599253027  
0.2464049023  
0.4209412181  
0.6650360913  
0.7026189327  
0.1363628833  
1.639206433  
0.5102318888  
0.3459409435  
0.01379301303  
0.6013900819  
0.7281362688  
-0.9117524809  
-0.4288111842  
1.399875365  
0.9399181398  
0.03898743832  
-0.1524394822  
-0.1318931219  
-0.06460880451  
0.007539516858  
-0.1850203851  
1.232680625  
0.6506182599  
-0.2391945454  
0.3666955736  
0.5114390333  
0.680858224  
0.7640744166  
-0.183962283  
1.426517233  
1.081687461  
0.6680995049  
0.5028293889  
0.5088700003  
0.4975393389  
0.4503044396  
0.07528531837  
0.1989270596  
0.2470415389  
0.7281103884  
0.09590594826  
0.221043668  
-0.2642709786  
-0.2682416386  
-0.02266802778  
1.330122591  
1.080270837  
0.3404053079  
0.6891959875  
0.980056444  
0.59231733  
-0.05071880463  
0.08527983694  
0.5704757058  
0.3650246421  
0.02501191499  
0.1160819362  
-0.07838935307  
0.4001553278  
0.2447103333  
-0.1352047746  
1.623549545  
0.9240171691  
0.6087428159  
0.6002177554  
0.7515664186  
0.2276426996  
-0.04105088388  
-0.06557082839  
