-0.2803235495  
-0.4977043648  
-0.5501654234  
-0.3987536275  
0.08779075823  
0.2977008013  
0.7741730444  
0.3323207468  
-0.4187162152  
-0.3509752744  
0.1091758579  
-0.4847880395  
-0.520366465  
-0.5906069568  
-0.2288373958  
-0.1744883975  
-0.6246500474  
0.3242421813  
0.2754883092  
-0.01203481074  
0.0233214127  
-1.124304152  
-0.9371781955  
0.1276474372  
-0.3175164151  
-0.4678648913  
0.1530734588  
0.4343625457  
0.6774045274  
1.081291222  
0.2312527503  
-0.05675932334  
-0.476678919  
-0.4926310556  
-0.6055306414  
0.09411429947  
0.2976853052  
-0.2217396098  
-0.7162484384  
0.2222030861  
-0.3040181363  
-0.3454734589  
0.02578774629  
0.1441887728  
0.6279791452  
0.1512890863  
-0.5575466956  
0.06054206506  
-0.5440088772  
0.4180005661  
-0.2789871752  
-0.1720606639  
0.4078194575  
-0.4947851521  
-0.3344457827  
0.2539470664  
-0.1794372565  
-0.2310734068  
0.1326109241  
0.5500694252  
0.63994555  
0.2923595689  
0.1959312964  
-0.5249572886  
-0.4090267353  
-0.4004715052  
-0.2510167974  
-0.1387964926  
-0.08275066934  
-0.06640346876  
0.2752543729  
0.6260997067  
