0.0014020431  
0.08590801492  
0.7431062998  
0.2207300091  
0.316280589  
-0.04097787144  
0.1131579452  
0.3239906596  
-0.1980688711  
-1.145936478  
-0.5591445971  
0.05893923401  
0.1801942297  
0.6954137479  
-0.4390769885  
-0.4062144194  
-0.415177464  
-0.5606673233  
-0.3799660123  
0.5831541711  
0.6405752676  
0.9316588003  
-0.2914863418  
-0.8852354194  
-0.003419762379  
-0.2728906486  
1.199859833  
0.9699872677  
-0.04017584869  
-0.9015932416  
-1.455907539  
-0.9699971334  
0.4698122259  
0.8990112019  
0.5001587345  
-0.177186407  
0.1696503357  
-0.05383434637  
-0.2551373382  
-0.5666460154  
-0.130266312  
0.0286026198  
0.02582629594  
-0.3488434496  
-0.4128211042  
-0.04097673174  
0.3243487728  
-0.1989563514  
-0.1091456227  
0.6565413448  
1.304390226  
0.4771754288  
-0.484590714  
-1.040750586  
-0.5796984799  
-0.6192971791  
0.248729726  
-0.431475062  
-1.185119163  
-0.2910730885  
0.460903055  
-0.2297384444  
-0.4108755261  
0.4141704646  
-0.2420888659  
-0.4841790307  
0.00691500061  
0.493410181  
0.3047732369  
0.1705987938  
0.2826720093  
0.06286319171  
