-0.3477966427  
-0.4512932701  
-0.2240487823  
-0.5531285466  
0.2430085651  
-0.05283905409  
-0.5606342556  
-0.6375465893  
-0.8648629345  
-1.134448596  
0.2635804101  
1.203614263  
-0.3843116873  
-0.9379714853  
-0.272870552  
0.2922728617  
-0.4880405421  
-1.370972172  
-1.421051415  
-0.7222798522  
-0.1170843306  
-0.3934383427  
0.1902853144  
-0.1999975821  
-0.4824643064  
-0.7499171009  
-0.05675673308  
0.8829138553  
0.3916584191  
-1.130624782  
-0.5619896705  
0.4043408969  
0.1098426486  
0.2702348379  
-0.6660447144  
-0.9825959574  
-1.226773566  
-0.8932296693  
0.1495348564  
0.5112457942  
-0.01438961766  
-0.1239263781  
-0.1524958912  
-0.7005805944  
-0.1728628517  
-0.4556030455  
-0.8310704953  
-0.1240601802  
-1.085708818  
-0.3999709933  
0.5895451935  
0.8100245928  
0.2204947683  
-0.3458089136  
0.4329320953  
-0.1958034608  
-2.093667612  
-0.2667348518  
0.1925099618  
0.5552395425  
0.7057389986  
-0.1582155938  
-0.3510171638  
-0.3716596726  
0.1761028803  
0.5878395407  
-0.2688642014  
-0.4149992184  
-0.8909258333  
-1.65208647  
-0.8268846309  
-0.7903678141  
