0.5967596891  
0.08416252583  
0.9209507092  
-0.01256912334  
-0.8705401515  
-0.344506352  
-0.2132180831  
0.227172912  
-0.531136714  
-0.5634984653  
0.2227658354  
0.649849674  
-0.5091657161  
-1.244023715  
-0.3354899713  
0.2866506062  
0.09148747118  
-0.2009708795  
-0.4366811143  
-0.04209110768  
0.3534439241  
0.5891516413  
0.1159950534  
0.2421360788  
0.137332361  
-0.3436431363  
0.08037517455  
0.09832491726  
-0.5063065312  
-0.0369267285  
-0.1981658981  
-0.3668802247  
-0.5651823067  
0.3878070579  
0.586223207  
-0.3875823229  
-0.5838448723  
-0.7876512134  
0.3785142822  
0.8783532389  
0.1776773596  
-0.3670826276  
-1.189764159  
-0.07328558576  
-0.1301595578  
0.7244040697  
1.075581413  
0.029820871  
-0.6247167344  
-0.2370558841  
0.1077730749  
0.04587567676  
-0.5530388089  
-0.3104795531  
-0.3244285882  
-0.3915094908  
-0.7240931415  
0.09184751718  
0.3653095506  
0.1637675382  
-0.1895263872  
0.3024239289  
0.4141469355  
0.1807438957  
0.2730382128  
-0.1638099512  
0.3616410288  
-0.1269208364  
-1.594934546  
-1.199390481  
-0.138296825  
0.2910611955  
