0.219985449  
0.6876021231  
-0.0009265086418  
-0.5168882036  
0.2556456529  
-0.8062462415  
0.007433016049  
0.6970311211  
-0.681716118  
-0.3974777497  
0.2096501929  
0.935782271  
-0.08626129439  
0.02283325125  
-1.492957711  
-0.2129027277  
-0.3135085416  
0.08546071421  
-0.6170583541  
0.09821155667  
0.5089552308  
0.4613932155  
-0.5009880093  
-0.06122636442  
0.4137306335  
-0.4627386669  
-0.2414924147  
-0.5962621672  
-0.2498503779  
-0.04639788678  
-0.4658503517  
-0.7386902596  
0.2520846068  
0.5937435878  
0.1482505328  
-0.074967491  
-0.3050921438  
0.01313491754  
0.07131828598  
-0.6034989606  
-0.1411751964  
-0.629960086  
0.0295334427  
0.1377303865  
0.8046199872  
0.5415751628  
0.2107411065  
-0.626513907  
0.03175129162  
0.1406665976  
0.6685088208  
0.221171434  
-0.3556038839  
-0.4788975622  
-0.3791528662  
-0.1687558591  
-0.07110987996  
-1.610316502  
-1.544182922  
-0.3838370878  
0.1248437958  
0.1069233877  
0.2174042244  
0.4982115283  
-0.3226629575  
-0.1841497845  
0.5086967673  
0.3988332313  
-0.1064446169  
0.2870026509  
-0.251033663  
-0.2898139534  
