-0.1247350108  
-1.035607496  
-0.2890109588  
0.1195555074  
-0.6112893612  
-1.141348277  
-0.8183011005  
-0.02836499236  
0.170468357  
0.1879335959  
0.3226404412  
0.8261758663  
0.06796838029  
-0.02447020626  
-0.9747432431  
-1.523994179  
-0.3894552032  
0.1129498011  
0.1122107235  
-0.4370360123  
-0.902175441  
-0.784397939  
0.1506809729  
0.5075707185  
-0.1984622073  
-1.023024681  
-0.729164131  
0.06698897481  
0.4719702633  
0.4021815213  
0.1344329017  
0.6770616158  
-0.5779514922  
-0.03990718252  
-1.206364189  
-1.530513933  
-0.5301487975  
0.6928396566  
0.6823844259  
0.4815739495  
-0.08042659209  
-0.02710622431  
0.2575764654  
0.1674579572  
0.3078717025  
-0.6179615429  
-0.8312568676  
-0.6168874936  
-0.2913241771  
-0.2407038007  
-0.4995713948  
-0.9497547208  
-1.214880558  
-1.481348547  
-0.5348417539  
-0.2192039128  
-0.03629716603  
-0.3301112824  
-0.2377095787  
1.182486787  
1.518262363  
0.5736083937  
1.234766338  
0.1186228338  
-0.5260563987  
-0.5103151898  
-0.2810893372  
-0.4993951652  
-0.9615523752  
-1.212789241  
-0.4582198513  
0.0005493060147  
