0.1756759668  
1.550118471  
0.9779456821  
0.8895115892  
0.3423764282  
-0.3424573678  
-0.764731404  
-0.932772078  
0.648023492  
-0.01143717397  
-0.3346895991  
-0.6802698899  
-0.4125309994  
0.9128922318  
0.5082836784  
0.6032063084  
0.4121138508  
-0.03067427236  
0.4398779324  
0.3467055375  
0.2998065027  
0.3949626131  
0.7878980741  
0.5084469538  
1.301326604  
0.5247578248  
-0.733235878  
-0.545011033  
-0.04883868443  
0.05733647001  
0.601002754  
-0.2731515495  
1.372122419  
0.1254451168  
0.5245291202  
0.009874932701  
-1.222411587  
-0.1830424911  
0.2111928434  
0.5867158755  
1.138787555  
0.5218580414  
0.07284291075  
-0.277951026  
0.5565607399  
0.5201742316  
0.8371761998  
-0.05662672432  
-0.379999389  
0.08214618736  
0.1778800966  
-0.7369219371  
-0.8615347904  
-0.52181079  
0.07538397061  
-0.1023432035  
0.2341979491  
0.05101346381  
0.5404955988  
0.155915709  
0.1084909475  
0.6326338249  
0.5817275381  
0.5203554873  
0.2954826528  
0.2677739478  
0.5052261709  
0.04699780331  
0.2805354294  
0.2332637786  
0.4588028508  
0.429347899  
