-0.03284822896  
0.4942625198  
0.102496355  
0.4764534974  
0.3127169893  
-0.2695321071  
-0.2068044768  
-0.3610504144  
-0.10908717  
-0.2876624993  
-0.1376144086  
0.05508220431  
0.1033070237  
-0.07698927369  
-0.004365284921  
0.08838207995  
-0.02533963342  
-0.2232399754  
0.004529621305  
-0.06327683895  
0.05211380825  
-0.07748670658  
0.1408808052  
-0.02544288651  
0.001567369621  
0.4688450502  
-0.0895606423  
-0.5812727188  
-0.3087958784  
-0.0464778917  
0.4951227897  
0.06031886795  
0.05713683249  
0.5955692  
0.6756212702  
-0.08808937924  
-0.9304529018  
-0.6977771431  
-0.07777498726  
-0.03834493154  
0.2185969263  
0.004231003554  
-0.1101717722  
-0.6185162481  
-0.787136877  
-0.003451815169  
0.4054534465  
0.3183513127  
0.198250806  
0.3659660461  
-0.240222302  
-0.8003140999  
-0.5014059468  
0.09929076268  
-0.07991429129  
-0.4483124977  
0.170183116  
0.1379559657  
0.1026247922  
-0.01718951232  
-0.1591744334  
-0.125718998  
0.244557868  
0.4080685491  
-0.5078009942  
-0.04958122199  
-0.09216285517  
-0.2286007534  
0.3031102629  
-0.1023088387  
0.3228781871  
0.3510724687  
