0.7681781179  
0.07843343021  
-0.1076208533  
-0.3247858482  
-0.2195827812  
-0.2825286694  
-0.1489955691  
-0.452619142  
-0.3495859345  
-0.4404073393  
0.1723301191  
0.6712423343  
0.2020187981  
0.09100492534  
-0.1845991696  
-0.2689423723  
-0.133406564  
-0.01427297055  
-0.1297436605  
0.1379773411  
0.1041172476  
0.1924068838  
0.5597522653  
0.254840473  
-0.2523864257  
-0.07098956985  
0.1097696786  
-0.3269587406  
-0.4472404209  
0.03111200025  
-0.184228632  
-0.11770263  
0.08744873538  
0.122273069  
0.4703347714  
0.8123733484  
0.6946450546  
0.06707643894  
-0.06554151885  
0.1907972074  
-0.2031993097  
-0.3488156859  
-0.6780612725  
-0.1930788591  
-0.1785488374  
-0.08629076438  
0.165802371  
-0.2580589668  
0.06075212516  
-0.1383284687  
0.1894608672  
0.4286877254  
0.1732485817  
0.2795342903  
0.5743089067  
0.8102042868  
0.1931210945  
0.1386839387  
0.2457159483  
0.1256031102  
0.06216642878  
-0.1968721782  
-0.768792889  
-0.8261832665  
-0.6788165267  
-0.3586631119  
-0.134454964  
0.1493792997  
-0.1643631745  
0.2577069168  
0.6683812981  
0.4150335097  
