0.5137596746  
0.4126322042  
-0.04632466835  
-0.09952512452  
-0.4195304633  
-0.2672224813  
0.5021138685  
-0.168838328  
-0.4439789225  
-0.2820461855  
0.4566117568  
0.4341727393  
0.6662011005  
0.2759834685  
-0.3007870654  
-0.5767313073  
0.3572711068  
-0.3851403149  
-0.2826548401  
-0.07369570277  
0.372122312  
1.124681066  
0.9402119719  
-0.1382830363  
-0.6292417937  
0.1170887171  
0.2255488144  
0.2210279944  
0.6998467696  
0.163391675  
0.2521612203  
0.7162403382  
-0.6053777455  
-0.4738579169  
-0.5432648659  
-0.2521939756  
-0.2911422417  
-0.2677493689  
-0.07722386767  
0.07366872961  
0.1912536386  
0.4752968212  
0.6734250702  
-0.005275383984  
-0.1960117374  
0.3224452269  
0.3168015558  
0.7147051825  
-1.134836027  
-0.1567215607  
-0.0971425007  
-0.2587888372  
-0.3641926419  
-0.08003149299  
0.2552763306  
0.02494238337  
0.2118823905  
0.1333108765  
-0.5346115922  
-0.2780037458  
0.0360612185  
0.432901435  
0.3350654576  
0.9320158527  
-0.6926650805  
-0.2769127716  
-0.07126754865  
0.1604316642  
0.4845782146  
-0.1098028429  
0.02792496528  
0.2105728592  
