-0.5933339805  
-0.8146892978  
-0.1299055876  
0.579267431  
1.414110317  
0.7534862245  
-0.08677234229  
0.3002711775  
0.1796946983  
-0.2341379289  
-0.1801797738  
-0.4157096872  
0.6466135188  
0.1876333811  
-0.3973975647  
-0.2825029346  
0.06980562426  
-0.01982234858  
-0.05675161026  
-0.009564151561  
0.5494808672  
0.4882546505  
0.4133039453  
-0.1213675897  
0.502407231  
0.2123660713  
0.05800825177  
-0.03442710863  
-0.4673431817  
0.1195801619  
0.4634903811  
-0.5569984091  
0.1070059237  
-0.03431792925  
0.6139527675  
0.1428795893  
0.195084414  
-0.04752300993  
0.0724880023  
0.2028273252  
0.0735014541  
0.7634714744  
0.1349431202  
-0.08027206468  
0.05520547036  
0.1201908246  
-0.2810428816  
-0.3279495114  
-0.2531134068  
-0.02675712547  
0.3181766834  
0.4336998727  
0.5555766658  
0.4633039178  
0.3062434659  
0.2711298448  
0.008985410832  
-0.3738911744  
0.1835065522  
0.3948109652  
0.7287286487  
0.1989114869  
-0.4512434962  
-0.5930644324  
0.02465933975  
1.12380348  
0.2785861316  
0.01847043438  
-0.08473850294  
0.04753118585  
-0.00298967994  
-0.005432406654  
