-0.05604717508  
-0.1324322203  
-0.2787046323  
0.07468952755  
0.92002666  
0.1787196011  
0.1020566509  
0.06980837705  
-0.9184493209  
-0.6208650032  
0.2968555424  
0.5747167463  
-0.005324213471  
-0.04106065332  
-0.2684024626  
-0.03553182904  
-0.07269714523  
-0.4631769532  
-0.6473224171  
-0.4125190995  
0.007741480281  
0.2881170606  
0.4258392187  
0.4890408721  
0.6255051168  
0.4296943973  
0.379814494  
-0.05546151537  
0.04626511822  
0.3756154511  
0.01728629095  
-0.4279847202  
-0.01023922748  
0.02227760952  
-0.03436020585  
0.1486680373  
0.6792946655  
0.3168320682  
-0.5939586072  
-0.6567433208  
0.687356272  
1.417472732  
0.4264373544  
0.1772170321  
-0.07107409222  
-0.6339721992  
-0.2207712488  
-0.2309060183  
0.1067158528  
0.05574885305  
0.07437000426  
0.5014454915  
0.4979936717  
0.1985999848  
0.1947973303  
0.5408628631  
-0.4132539867  
-0.4921575321  
0.2252636481  
0.05601015824  
0.2822352099  
-0.3823879806  
-0.8488694574  
-0.955603489  
0.1490207382  
0.6437934209  
0.3509987038  
0.04654429415  
-0.2235313199  
0.1648860659  
0.2886685103  
-0.04457972414  
