0.4207658015  
-0.2646865239  
0.5128817822  
0.704365469  
0.2682399691  
-0.7863965218  
-0.713658561  
-0.1743233548  
-1.153122747  
-1.34231277  
0.3527505412  
1.29078184  
1.019159348  
-0.2706314451  
-1.158199359  
-0.7137262799  
-0.494447095  
0.6006476178  
0.9732121834  
0.8451884115  
-0.06947742263  
0.0004397225811  
0.656767998  
0.328045925  
-0.4165676832  
-0.2991743411  
-0.378715915  
0.1568130982  
0.2956656802  
0.1134967244  
-1.03029862  
-0.3852254487  
0.08316695519  
0.1271747437  
0.8090913877  
0.7709541858  
0.3784253723  
0.4198440536  
-0.4005439817  
-0.214250494  
0.0230770363  
-0.1227128074  
-0.2073599343  
-0.3271697263  
-0.2826815521  
0.2909569899  
0.8560074395  
0.3101749227  
-0.6016484477  
0.08302131962  
0.3177394584  
0.1336190679  
0.1534995864  
0.3254777489  
0.3778369517  
1.061755132  
0.06980937587  
-0.2959232395  
-0.4894385838  
0.005803555109  
-0.2475794894  
-0.1630256648  
-0.1296193406  
0.1491457392  
-0.4680216208  
0.2466841149  
-0.08137035875  
-0.009510420312  
-0.448252649  
-0.06529193795  
0.1638090914  
0.05186343792  
