-0.3744490672  
0.2130091169  
0.348722307  
0.171643562  
0.1532629157  
-0.3118100777  
0.2482221277  
0.02008829347  
0.1295180058  
-0.2704123208  
0.3187269752  
0.325258538  
0.6337308598  
0.3505225389  
-0.1906463317  
-0.3136637895  
-0.1491547429  
-0.1532815126  
0.0003598683009  
0.05819678987  
-0.2613887466  
0.1777209543  
0.5410674906  
-0.222891693  
0.2384991844  
0.3057558599  
-0.1131610394  
0.1003399271  
-0.1701284441  
-0.1723522254  
0.3762962463  
0.4619832807  
0.9248547649  
0.8951197709  
0.383246317  
0.06659757435  
-0.5508272938  
-0.2568650597  
0.08344697961  
-0.01968087514  
-0.1508505614  
-0.625070883  
-0.4615994012  
0.0544091557  
0.3316185702  
0.2482694461  
-0.004224504305  
-0.1450419042  
0.5420794362  
0.8948982248  
-0.06092279959  
0.2815569981  
0.7762625699  
0.2154338049  
0.1500426257  
-0.485805569  
0.7536910264  
0.1757827282  
-0.2831298739  
0.1995186092  
0.3608529257  
-0.2133096966  
0.164331023  
-0.4661394013  
-0.06695139538  
-0.2870031678  
-0.2006189231  
-0.05673485825  
0.402110152  
0.3773563371  
0.205211188  
-0.313344845  
