0.08167156714  
0.7778094992  
0.2904534181  
0.4944235268  
-0.01391247966  
-1.283610912  
-0.6716265084  
0.219739449  
-0.6646029181  
-0.5452452541  
0.3195656126  
0.5238163375  
0.6544075838  
0.3673360242  
-0.008043791854  
0.00716267232  
0.4828939206  
-0.5338654201  
-1.015560982  
-0.5414302549  
0.439801278  
1.367837389  
0.9690747474  
0.1939773816  
-1.072390692  
-0.4030421745  
0.5584724653  
0.05297581516  
0.1264333485  
0.4661521937  
0.5958269571  
0.08012779998  
0.1251761763  
-0.05118321882  
0.0806374567  
0.1882065021  
-0.4602336993  
0.618275304  
0.8051934237  
-0.1126235636  
-0.3588180825  
-0.5060832131  
-0.2499532969  
0.4724898327  
0.5337574227  
0.8291640435  
0.7674033238  
0.111992928  
-0.1777490515  
-0.01637196727  
-0.02062488543  
0.0640510012  
0.607686932  
0.4794238914  
0.4115197388  
0.09323052038  
-0.8062226578  
-0.01487241413  
0.02860646886  
-0.2367477215  
0.03512350342  
0.356266031  
0.6513391429  
0.1516003667  
0.09696300889  
0.2591872641  
0.728192432  
0.1113495982  
-0.5326968463  
-0.5296693819  
0.1974471058  
0.268400445  
