0.4403738015  
0.2877661162  
-0.160558232  
-0.081180857  
0.764444061  
0.4352375028  
0.1362902601  
-0.2027132145  
-0.3464567794  
-0.2587192231  
0.6288551264  
0.3163549884  
0.8351876352  
-0.4832302995  
-1.484152018  
-0.7617328285  
0.7014821717  
0.2982792885  
-0.2455118093  
0.5469351717  
0.5465798296  
0.4054809824  
0.4934657573  
0.4997636503  
0.3940400338  
0.6090247046  
0.7827317785  
0.1920183516  
0.3343104857  
-0.1522251991  
-0.2914182275  
-0.7855221043  
0.4558218308  
0.4294191807  
0.5806877127  
0.1557051517  
0.4219108459  
0.8711739308  
0.08051462615  
-0.8557130063  
-0.2403293985  
1.36569567  
1.01821184  
0.2922326188  
0.1361633806  
0.01579667942  
0.2717949901  
-0.1297519034  
0.5760492487  
0.3755268553  
0.8179036226  
0.9403287429  
1.213415042  
0.8345892398  
-0.267795546  
-0.7369214603  
0.01141811123  
-0.4190016436  
0.3186307389  
0.07929124801  
-0.08104332889  
-0.05091508811  
-0.3691155633  
-0.3350660946  
1.377888825  
0.8532546167  
0.3272800972  
-0.2541338588  
-0.6824756015  
0.3642765237  
0.3286514851  
0.4809913271  
