0.2046008414  
-0.3513257813  
-0.3870585565  
-0.2650731748  
0.08441491685  
0.2787686733  
-0.4082068419  
-0.4400683509  
0.4146357934  
-0.3627381811  
-0.08394811739  
-0.5292677554  
-0.3365054001  
-0.3756430814  
-0.003719451886  
0.029136863  
0.2436514407  
-0.2258884233  
-0.1665832727  
-0.1583225318  
-0.0333714828  
0.5955931564  
0.2640467528  
-0.2002070154  
-0.8809917069  
-1.145326314  
0.09110876114  
-0.1665902256  
-0.1807330793  
0.0742421682  
0.1904380193  
-0.1579957102  
0.6130769278  
0.02025012633  
-0.3364858925  
0.04367136994  
-0.1588588939  
-0.5499022411  
-0.5232179679  
-0.3896213832  
-0.3175354647  
-0.2456495956  
0.2223563851  
0.1515343889  
0.01085925945  
0.09049789264  
-0.1150819859  
0.07292963172  
-0.04911487922  
-0.3678173401  
-0.8703704193  
-0.6235964824  
-0.9264281915  
-0.6144782953  
0.2886048363  
0.5673792869  
-0.0868223386  
0.5627994257  
0.285679283  
0.1755440329  
0.3455966622  
0.04940637101  
0.1041515071  
-0.3786474163  
-0.1158288865  
-0.1200246044  
-0.250560987  
-0.1056410124  
0.02555760643  
-0.06095700799  
0.3667910524  
-0.02500412189  
