0.5216668215  
-0.1800245165  
-0.489189715  
-0.638538161  
-1.163555889  
-1.28245307  
-0.7414379465  
-0.9458417169  
-0.3855809695  
0.0357168058  
-0.01031613428  
-0.2451109404  
-0.8094164517  
-0.904724274  
-0.1808976588  
-0.2842388741  
-0.5607817275  
0.460081036  
0.3937484079  
-0.5916866238  
-0.971741561  
-0.5576529487  
-0.2929866799  
0.109113217  
0.2331300692  
-0.8787144234  
-0.5362177913  
0.2375748773  
-0.1417717223  
-1.223172233  
-0.4022531565  
-0.8358882952  
-0.7322002136  
-0.01536567431  
-0.07625914953  
-0.1843827845  
-0.9433314722  
0.5491326494  
1.445669679  
0.6438184075  
-0.5772761115  
0.3485784201  
-0.5255962557  
-0.5705616372  
-1.629355574  
-0.9084179503  
-0.6090651484  
-0.4083802992  
0.67291954  
0.6393085629  
0.2847029982  
0.3988962087  
-0.7269828569  
-0.9870665187  
-0.985599008  
-0.5908410518  
-0.1125580825  
0.3865065821  
0.08521648771  
-0.2616259358  
-1.231638133  
-1.035325284  
-0.4883778096  
-0.5194152004  
0.4567141415  
0.3520839338  
-0.4641380746  
-0.3959352931  
0.2479430915  
0.3928965471  
0.09033024076  
-0.3354876316  
