-0.1622646915  
0.2544694659  
0.2002340775  
0.009777086346  
0.9743553682  
1.136191199  
0.3086755276  
0.4533818335  
0.718165051  
-0.6143980674  
0.1703143728  
1.190582326  
1.165960202  
1.414193217  
0.6908563721  
0.1783684748  
0.114056715  
-0.7669836198  
-0.1448572204  
0.7607126361  
0.7430356898  
-0.3613593092  
-0.2391629498  
0.2839942288  
-0.2568813702  
-0.3963476431  
-0.2111523053  
0.6525693818  
1.63593205  
2.077227415  
1.471878226  
0.8686658779  
-0.3829324728  
-0.05432301642  
0.7157595326  
0.4413135085  
0.5160230465  
-0.2950056082  
-0.4064236381  
0.177512721  
0.5145424751  
0.08201349252  
0.1243172947  
0.07907184473  
0.3807076286  
0.699684125  
1.504899066  
0.4476812771  
-0.07151413003  
-0.004755755788  
-0.05836475915  
0.08094535964  
0.4883903885  
0.2691396699  
-0.3631704316  
0.6462083633  
0.6041478013  
1.029341855  
0.8016629211  
0.7773921003  
0.2939814341  
0.7396417178  
1.05581813  
0.2286092778  
0.4434308243  
-0.08960610589  
0.4819833541  
0.6914709058  
0.05679958902  
-0.6059563599  
-0.6144495135  
1.011665947  
