0.2939470938  
0.31002007  
-0.7749061888  
-0.3176426692  
0.3090180349  
0.004012290633  
-0.7435689913  
-0.3426263187  
0.4823506197  
0.27910683  
-0.04209213988  
0.5152846695  
0.3060500502  
-0.1436068417  
-0.2179180341  
0.1080957723  
0.1625168643  
-0.2445167612  
-0.7058861873  
-0.9665356745  
-0.5503918927  
-0.549880601  
0.03914037727  
-0.3981580859  
-0.2827090843  
-0.2286178979  
-0.05953279209  
0.366991471  
0.5152303511  
0.5466117163  
0.3842220819  
-0.1428000713  
-0.7174495201  
-0.3396945863  
0.1381061616  
0.300833882  
0.04837155603  
-0.5582059335  
-0.2968647104  
0.08844490128  
-0.5634560052  
-0.5486897655  
0.0116924543  
0.08082938684  
-0.09585728403  
0.4501314021  
0.4603765453  
-0.3636445789  
0.3580507117  
-0.006828006063  
-0.06087351894  
-0.2086583143  
0.08174966977  
0.02586245958  
-0.6592599227  
-0.7655524689  
0.007369441814  
0.6740052408  
0.5048960907  
0.2584791383  
0.1438982957  
0.3631795995  
0.3477589653  
-0.1258390008  
-0.432222333  
-0.2311906204  
-0.07044617856  
-0.05994126691  
-1.012356545  
-0.4883771513  
0.2718419171  
0.2490730468  
