0.7694583888  
0.1311013297  
-0.2018240812  
-0.1944622865  
-0.3144218192  
-0.5438219997  
-0.7679541436  
-0.3053408553  
-0.9885145862  
-0.3304072834  
0.08852402497  
0.4269882794  
-0.0602768489  
-0.3579874791  
-0.2203055017  
-0.07834903273  
-0.5557313688  
1.005035226  
-0.1457621654  
-0.7561282685  
-0.3389120043  
-0.1304500883  
0.08431685343  
-0.06965526389  
-0.233566925  
-0.07560377392  
-0.2065920093  
-0.2500339587  
-0.6945780772  
-0.3623848953  
-0.05333021773  
0.2370292658  
-0.4115647525  
0.01253990307  
-0.03266118781  
-0.3844651611  
-0.422371222  
0.7480780964  
1.080172558  
0.3994615109  
-0.6779178455  
0.0314837155  
0.1154742082  
-0.2644549766  
-0.5368975013  
-0.3854927014  
0.1553988208  
0.1310696621  
0.01058376796  
-0.363290771  
0.2941771556  
0.47750589  
0.3635291155  
0.01579513859  
-0.09042854021  
0.2051039066  
-0.2691102461  
-0.6285403871  
-0.4254228773  
-0.2807489614  
-0.7318662251  
-0.7572473881  
0.01693728099  
0.2598888505  
-0.2537207565  
0.01201482931  
-0.2918187425  
0.3992588166  
0.2421474707  
0.3669174468  
0.04094156172  
-0.7110919237  
