0.270918371  
0.1587752951  
-0.1224852694  
-0.4947422351  
0.007030808612  
-0.2832745031  
-0.03615062958  
-0.10560184  
0.9354167071  
0.4959916602  
0.2595739843  
-0.04031222353  
0.4295348488  
0.5945804546  
1.013121034  
0.138839826  
0.6165584441  
0.07928821714  
-0.02583994912  
-0.2697652039  
0.001734431931  
-0.4642874712  
-0.2468086468  
-0.290576416  
0.2675409525  
0.005363029673  
0.4285705195  
0.2571109525  
0.7801196152  
1.409889515  
0.5107071604  
-0.8422609101  
-0.5829187985  
-0.1446685303  
1.288768188  
0.5531702628  
0.3791033077  
0.2859096496  
0.5885870417  
0.2456279417  
-0.1175720013  
0.4996854004  
-0.01019040409  
-0.1204374983  
0.04108138147  
-0.01581239387  
0.3104307932  
0.7497528309  
-0.06190012435  
0.3587017482  
-0.8855687119  
-0.5084714082  
0.1490035603  
-0.6708337969  
-0.2013343536  
0.4432924104  
0.6449811161  
0.8356748529  
1.061469552  
1.421254885  
0.6886815029  
0.5096467307  
0.8255463709  
-0.645199611  
0.5072197667  
0.1935257375  
0.316832832  
-0.0304078499  
-0.1751237206  
0.1390104968  
1.295287294  
0.3150033147  
