0.5931193605  
0.5579119202  
0.1682845312  
-0.01653640293  
0.6357687931  
0.8090146362  
0.3017124909  
0.3123667781  
1.481813728  
1.204362058  
0.1581194871  
0.4027570842  
0.03294012114  
0.02714265749  
-0.01190985637  
0.09750489583  
0.180790836  
-0.05579844796  
0.0602432853  
0.2095903305  
0.5715617865  
0.4404527403  
0.2160135881  
0.26053313  
1.640615625  
0.3732877414  
-0.2932370215  
-0.06150213475  
-0.1984980914  
-0.09536349931  
0.003985920999  
-0.08997590039  
0.7042468205  
0.2608001133  
0.5683974045  
0.6631422309  
0.5339292446  
0.4127410173  
0.162487081  
0.2248086253  
0.621688  
0.5106413661  
0.6631977931  
0.2990863277  
0.002093282286  
-0.01914843103  
-0.1658302939  
-0.2351103541  
0.0523265046  
0.7097859934  
0.8689804387  
0.2904799369  
0.2588845017  
0.06388528606  
0.46847291  
0.03588723167  
0.7811733865  
0.8264780979  
0.7938420548  
0.2088314904  
0.02845503227  
-0.2623922242  
-0.5568548384  
0.2533956336  
0.3286910689  
0.3388603342  
0.6809304483  
0.4031077116  
0.210203968  
0.798030938  
1.032509641  
-0.258633891  
