0.6929940856  
1.785432909  
0.4667239328  
-0.4204822902  
-0.7044519437  
-0.379794651  
0.1451982519  
0.02352513765  
-0.4595690244  
-0.3679281614  
0.3975763584  
0.2326944286  
-0.1289693382  
-0.06671586765  
-0.3052409724  
-0.7245723229  
-0.5445016701  
-0.6780858375  
-0.1321871157  
-0.0912801788  
-0.316319431  
0.09275787657  
-0.02315151064  
-0.3958696829  
-0.05228588024  
-0.9436154275  
-0.6993487489  
0.2157727231  
0.5075088535  
-0.2863567421  
-0.7504862298  
0.5358589221  
0.6619613524  
0.5661518172  
-0.9003635143  
-0.4485941716  
-0.510132064  
-0.947528436  
-1.061961547  
-0.6494828227  
-0.2181260576  
-0.5483545528  
0.1691784072  
0.1275023883  
1.120583899  
0.5920334066  
0.7515829425  
-0.4253664825  
-0.6350145101  
-0.6844209472  
0.1018171455  
0.1459044626  
-0.3913785507  
-0.1451282693  
-0.07163829435  
-0.2891825749  
-1.371086966  
-1.104669042  
-0.393824791  
-0.05164762096  
-0.07338574921  
-0.6113929058  
-0.5831118701  
-0.02697323748  
0.4989769667  
0.1363039717  
-0.2810635856  
-0.477391758  
0.08019273767  
0.2695193832  
-0.9832439885  
-1.562581824  
