0.757900678  
0.3020381187  
-0.6024350871  
-0.4516152027  
-0.4173774976  
-0.0341398091  
-0.199022845  
-1.056152754  
-1.058493577  
-0.6591552917  
0.4088946096  
0.4939914445  
0.06973161443  
0.03095397137  
0.02672447946  
0.2110767771  
-0.8310995458  
-1.708370259  
-1.106819438  
-0.9509846633  
-0.7814674087  
-0.4104166017  
0.1298633342  
0.5427356981  
-0.9043737595  
-0.4408220401  
-0.4135134675  
0.128216203  
-0.1597586908  
-0.8226795546  
-1.002493369  
-0.1561709928  
-0.4961996523  
-0.2440544902  
-0.5122293802  
-1.089500297  
-0.6604999688  
-0.8276006249  
-0.8389396383  
-0.6355568855  
-0.2384838873  
-0.5147073637  
0.04048899277  
0.1007505021  
0.149399346  
-0.2302868837  
-0.006033549379  
-0.4217592427  
-0.4873133427  
-0.4456325585  
-0.3661679514  
-0.2156239436  
-0.4035748526  
-0.4513874215  
-0.5110498975  
-0.8231719139  
-0.690112603  
-0.5590011714  
0.1240449836  
0.02271826938  
-0.2963609501  
0.1149148833  
0.2832299342  
0.01923165333  
-0.289500164  
-0.8409696467  
-0.2785007188  
0.1178051606  
-0.444711364  
-0.6769304238  
-0.7774104153  
-0.4357559234  
