0.1840769011  
0.3348686513  
0.5119542546  
0.6874480892  
0.2548895884  
-0.3992474327  
0.08315721496  
0.4570224316  
0.3013959134  
0.02502239864  
0.4744978722  
0.9500405422  
0.5642903421  
0.1844695684  
0.5958661519  
0.02936315957  
0.9570427835  
0.7073946397  
-0.04384032338  
-0.2476173703  
-0.5760993246  
-0.4296730737  
0.1776394519  
0.1572991411  
-0.3980724082  
-0.05824030247  
0.1125702535  
0.3688328074  
-0.1057955288  
0.2135136883  
1.226014337  
0.8578425328  
0.2993337622  
0.463864758  
0.3302229207  
0.1509043306  
0.2724895735  
-0.2094087315  
-0.08169531815  
0.07020608063  
0.3202541534  
0.2050567283  
-0.3697985048  
0.3038205687  
0.3541197475  
0.3945185646  
0.5975649426  
0.189444581  
0.6212618797  
0.1385161873  
-0.2705811118  
0.1373489889  
0.4169876028  
0.1563744693  
-0.4505849891  
-0.6106337431  
0.6812398591  
0.3218601467  
0.4470260784  
0.1663157583  
0.556923441  
0.261444716  
-0.4515398198  
-0.6351951814  
1.174092577  
0.5834902153  
0.9903672981  
0.5209160695  
0.2996424908  
0.1005168931  
-0.3342933661  
0.2051800589  
